904
1 7966
1 29860
1 3391
1 29128
3 3391
2 5216
1 9058
1 13990
1 9058
4
1 13990
1 15811
1 13990
1 29781
1 13990
2 15165
1 15577
1 15011
3 3391
1 11880
3 3391
1 12424
4
1 11189
1 9426
1 15011
5 3635
1 27494
4
1 2082
1 15577
1 9058
1 12984
1 3391
1 22322
1 11518
1 29781
1 7966
3 3391
1 23076
1 1178
1 25050
1 2302
1 7442
1 11159
5 30002
1 19731
1 5043
1 25050
1 22069
3 19731
5 2650
1 27494
1 23076
1 13793
1 1072
1 22069
4
4
1 12424
2 2082
1 2302
1 3078
3 9058
4
1 29781
1 8676
4
1 3078
1 10648
1 17851
1 28311
1 17085
1 12984
1 11189
3 11189
1 5043
1 26895
1 17034
1 10270
1 30297
1 19731
1 5833
1 23931
1 8434
1 2227
1 2302
1 9058
3 15577
3 8676
1 2302
2 28341
2 22885
2 22499
2 12984
2 9008
2 4261
2 3322
2 1333
2 30297
2 12984
4
1 10648
2 9102
2 14957
2 12528
1 15011
2 30827
2 12712
2 28311
2 17916
2 312
2 6901
2 8025
2 2187
2 1509
2 20194
2 30850
2 7624
2 13528
2 9943
2 27155
2 21820
2 8886
2 4753
2 23175
2 8789
2 15577
3 8434
2 11684
2 22732
2 24199
2 6799
2 24294
2 29497
1 26795
2 716
1 10270
2 16371
2 7283
2 10105
2 11155
2 4141
4
1 13610
2 17605
2 27382
2 16100
2 22069
2 27445
2 18322
2 6540
2 27150
2 5833
2 18969
2 10113
2 22001
5 14598
2 25466
3 15577
2 30415
1 930
2 24229
2 14140
2 4614
2 7308
2 29515
2 5000
2 19048
2 8509
2 31962
2 30297
4
2 22322
2 12984
2 5833
2 4386
2 10270
2 23854
2 27247
2 20162
4
4
2 15824
1 29860
2 7966
2 10374
2 10303
2 1945
4
4
2 1853
2 3348
1 19685
1 24483
2 27747
2 18469
2 10054
2 2540
2 4081
2 25832
2 1284
2 27696
5 930
3 11880
2 5043
2 3380
1 23076
1 2227
2 13941
1 26060
2 4535
2 22382
4
2 31995
2 1094
2 27867
2 10171
4
2 31106
4
2 2404
5 930
2 10583
2 31405
3 22069
2 9781
2 20840
2 2592
2 18002
1 29669
3 3078
3 19685
5 930
2 3610
2 4211
2 22598
4
2 11057
2 1930
5 18500
2 18544
2 2227
2 10648
2 21582
2 31743
2 13610
2 25050
1 21395
2 3928
2 31613
2 2508
2 21372
2 7273
2 13689
2 3391
3 3434
2 28311
2 430
2 21633
2 15938
2 11080
2 13858
2 2302
2 5430
2 2495
2 8842
2 19819
2 17877
2 9337
2 5234
2 1597
1 23931
1 4572
1 10412
1 18166
4
1 13876
1 4091
1 198
1 21988
4
1 18903
4
4
1 28094
1 18903
1 18903
1 11189
1 27309
1 12083
1 11975
1 5011
1 29416
4
1 9534
1 15967
4
1 13876
1 13821
1 25390
1 1185
2 22322
1 29132
1 28016
1 9058
1 26311
1 16806
1 17382
1 22183
1 9921
2 25978
1 8434
1 482
1 2295
1 6052
1 6553
1 23754
1 18467
1 4364
1 13821
1 6192
1 16488
1 7036
1 29781
1 658
4
1 19335
1 16330
4
1 790
1 10249
1 13610
4
2 4572
1 20557
1 17085
1 5011
1 23390
1 6235
1 6983
1 5182
1 17034
1 30346
1 11278
1 5891
1 17040
1 4667
1 23430
1 24610
1 28094
5 27040
1 10628
1 22213
1 17873
1 22398
1 30346
1 9945
1 22772
3 3367
2 14784
2 23754
1 31122
1 6052
1 21891
4
1 4364
1 24610
1 29424
1 25050
1 31478
1 6259
1 23076
2 16004
1 10890
2 30349
1 3078
1 7115
1 16815
3 17085
5 16835
4
1 8676
1 12695
1 8362
2 15544
1 26895
1 3313
4
1 14346
1 30773
1 13990
1 12083
1 23390
1 19418
1 21522
1 29971
1 4405
1 13721
5 1722
1 6716
4
1 4963
1 24780
1 19031
1 1178
1 8932
4
1 2399
1 6579
1 16323
3 30773
1 1642
1 5638
2 18525
2 7391
1 22329
1 10628
1 16488
1 30351
1 15095
1 4511
1 14793
1 2399
1 7076
1 22144
1 14554
1 11703
5 18398
4
5 1753
1 19418
5 4092
2 14389
1 23931
1 1853
1 5891
1 8362
1 13201
1 6716
1 30346
3 31693
1 14346
5 12789
1 482
1 26795
2 10210
4
1 17654
1 1279
1 28840
4
3 4667
5 14629
5 198
3 29132
1 6868
5 198
1 26015
2 32028
5 198
5 18597
2 24919
1 19731
5 31698
5 17803
1 296
2 31215
5 26836
1 24626
1 4091
5 12746
1 11057
3 13793
5 23818
1 22070
5 24316
2 7647
2 29428
5 198
1 20382
1 15214
2 32460
5 4309
1 482
1 14321
5 20433
5 21600
1 29860
4
1 10820
3 5638
1 4667
1 3078
2 16323
5 26988
3 10270
1 23693
1 9991
2 23121
2 9943
2 14585
2 15392
1 17641
4
5 198
1 22398
1 397
4
1 26777
2 17239
1 32239
1 6796
5 13441
3 23532
3 1279
4
3 9921
4
5 17246
3 6868
5 198
4
2 23430
3 1709
2 18298
5 198
2 30346
2 24120
5 198
5 12936
4
4
4
1 3313
4
1 9945
1 1526
5 22968
4
5 25472
1 22435
2 11974
5 17000
5 26380
2 14523
2 32239
1 4928
2 6192
1 8496
5 27152
1 21716
5 25337
5 31422
2 3530
1 8046
5 29431
2 16163
1 269
2 6192
1 14546
4
1 26565
5 14338
4
2 11057
5 198
5 7141
2 8806
5 198
1 27866
1 23341
3 4667
1 11333
2 18166
2 32266
5 20283
2 17085
2 32586
4
2 9455
1 25342
5 27492
2 1279
2 22398
2 31940
1 10648
4
2 31598
1 11159
1 351
5 8719
1 25102
5 198
1 5637
5 19367
2 19225
5 8333
1 12692
2 17482
2 27493
1 21932
5 198
5 4885
5 26102
1 1667
1 14554
5 26880
3 24483
3 12083
5 18583
1 14470
2 22329
5 198
1 1033
3 29860
3 24610
1 6235
1 26906
1 11880
5 22560
2 12424
2 26985
1 18192
5 7365
2 26015
1 27649
5 198
4
4
5 1160
1 7461
2 28806
4
1 8867
1 26358
2 20278
1 8932
3 2901
5 12142
5 17532
1 10214
1 14793
5 14040
2 10279
5 5494
1 26060
5 11820
4
1 25132
1 27309
5 20378
1 9192
3 9386
1 5637
5 22867
1 26895
1 8110
4
2 8110
1 15418
1 30846
2 15056
3 13201
2 29898
1 21891
4
1 25408
5 1804
1 30773
3 27611
1 11357
5 18338
1 32381
5 13771
1 3490
1 22789
1 10911
1 23024
5 29327
4
2 352
4
1 15418
2 15214
1 17695
4
1 8046
5 28443
1 198
2 10890
2 30128
1 29781
5 198
5 198
2 10911
2 29128
5 18066
2 8182
2 9192
2 12415
5 16281
5 30329
3 26062
2 3146
5 198
5 12802
5 6754
1 5438
1 7200
2 7042
5 26930
5 32190
1 29781
3 23130
5 11923
1 32756
1 30601
5 5467
3 29416
5 12501
5 29805
1 9491
1 12836
4
3 6553
2 12295
2 9426
1 5088
4
5 22242
1 32474
5 6366
2 26833
5 198
5 4320
1 29929
1 21394
2 24049
5 25775
1 14534
3 9426
5 30687
3 22398
1 26385
2 3202
3 23693
5 20110
5 27603
5 198
3 198
1 16815
2 29629
1 19610
1 23084
1 24758
5 25639
2 20043
5 8642
5 1036
2 20613
1 1692
1 20417
3 12692
4
1 24838
4
1 31559
5 24736
1 10286
1 17131
2 13721
5 17113
5 25307
2 12981
5 198
3 13793
2 32381
1 4172
1 28820
5 12488
1 3696
1 1850
3 25342
1 24598
1 14070
1 2684
2 18295
1 19731
2 3790
5 16493
1 23024
5 198
3 10304
4
3 32381
1 11703
4
5 8458
1 8242
5 198
2 13721
3 6235
2 21065
5 6931
1 18192
1 3313
5 11466
4
4
3 1850
2 9561
2 11187
3 13793
2 2298
5 13790
1 16542
1 30998
5 27568
5 11908
1 25050
1 9212
2 4747
1 12580
4
1 29224
4
2 24483
5 22847
3 13201
4
5 8004
5 22124
2 14097
2 2399
5 198
3 6052
1 29224
1 7566
3 8046
5 32185
1 17570
4
3 22190
5 1886
5 198
1 19685
4
4
5 22354
2 18358
5 5679
5 312
5 15350
2 2293
4
2 18746
1 12149
5 23958
2 11801
5 18197
1 30068
5 198
1 4474
1 29781
5 198
1 5182
5 25847
1 32191
3 17570
1 3077
1 13793
5 20032
5 3595
1 4364
1 25342
5 17920
4
5 18110
5 22531
3 19389
1 8362
5 30886
5 31137
5 5269
1 31529
5 198
1 20297
1 351
1 27434
3 30068
4
1 21025
1 8362
5 2124
2 15209
4
5 25733
1 19160
1 25496
5 21515
5 12111
1 17382
1 26750
