986
1 100000
1 99930
1 99904
4
1 99888
1 99871
3 16568
1 99765
1 99731
1 99667
1 99602
1 99562
1 99463
1 99369
1 99337
1 99265
1 99255
1 99249
1 99141
2 15375
1 99089
1 99092
1 98980
1 98948
1 98940
1 98920
1 98829
1 98795
1 98704
1 98609
1 98602
1 98583
4
1 98587
1 98551
1 98536
1 98522
1 98532
1 98470
1 98407
1 98346
1 98238
1 98183
3 15226
4
2 1426
1 98078
1 98073
1 98041
1 98042
1 97995
1 97894
1 97883
5 26827
1 97888
1 97856
1 97780
1 97733
1 97685
1 97685
1 97680
1 97571
1 97511
1 97469
1 97374
1 97276
4
1 97268
1 97240
1 97217
1 97169
1 97067
3 27667
1 97028
5 14399
1 96987
1 96904
1 96822
1 96714
1 96690
1 96586
1 96550
1 96472
1 96456
4
1 96416
1 96368
1 96268
1 96245
1 96254
1 96197
1 96093
1 96035
1 95947
2 8514
1 95943
1 95924
1 95842
5 20003
4
3 32281
1 95841
1 95791
1 95729
1 95658
1 95599
1 95525
3 31852
1 95444
1 95437
1 95377
1 95348
5 25910
1 95338
2 26778
5 26994
1 95236
1 95206
1 95167
1 95176
1 95113
1 95112
1 95030
1 95037
1 94948
1 94871
1 94782
1 94677
3 20525
1 94615
1 94553
1 94465
3 27254
1 94426
1 94434
1 94409
2 6856
1 94412
1 94328
5 3557
1 94329
1 94222
3 26041
1 94172
2 24705
1 94176
1 94165
1 94110
1 94012
1 93992
1 93955
2 29926
1 93875
1 93851
1 93853
5 18594
1 93859
1 93763
1 93773
1 93746
5 13786
1 93670
1 93588
1 93559
1 93528
3 30439
1 93489
1 93394
1 93382
1 93374
1 93365
1 93276
1 93248
1 93162
1 93076
1 92976
1 92960
2 11705
2 2674
1 92879
1 92883
1 92885
1 92865
1 92805
1 92732
1 92734
5 13477
1 92696
1 92660
1 92631
1 92577
5 23439
1 92549
1 92530
1 92458
1 92397
1 92405
1 92322
1 92233
2 17452
1 92226
1 92223
1 92227
1 92204
1 92101
1 92034
1 92020
1 91946
1 91907
1 91873
1 91782
3 17650
1 91674
1 91594
1 91569
5 15819
5 13314
1 91556
5 14501
1 91552
1 91506
1 91449
4
1 91367
1 91371
1 91331
1 91276
4
2 19508
1 91172
1 91178
1 91087
2 26203
1 90982
1 90992
1 90973
4
1 90967
4
1 90976
1 90870
3 278
1 90818
2 31623
1 90754
4
1 90680
1 90572
3 5480
1 90518
1 90412
5 23570
4
1 90351
1 90311
1 90257
1 90227
1 90208
1 90167
4
1 90128
1 90049
1 89946
1 89942
1 89836
4
1 89792
1 89739
2 13924
1 89714
1 89642
1 89559
1 89512
1 89412
1 89406
1 89299
1 89307
4
1 89302
4
1 89272
1 89280
1 89250
1 89260
1 89162
3 27186
3 3717
1 89057
1 88952
1 88932
1 88841
1 88752
2 18195
1 88754
1 88727
1 88687
1 88638
1 88588
1 88549
1 88513
1 88469
1 88453
1 88353
1 88344
1 88326
1 88241
1 88136
1 88067
5 25703
1 87961
1 87886
1 87860
5 2865
3 30693
5 8975
2 3938
1 87826
1 87761
1 87702
1 87606
1 87616
1 87517
1 87421
3 27579
1 87335
2 16365
1 87239
4
1 87218
3 24850
1 87153
1 87093
1 87025
1 86971
1 86938
1 86892
1 86901
1 86835
1 86826
1 86829
1 86824
1 86761
1 86706
3 19043
1 86701
3 5106
1 86592
1 86499
4
1 86419
1 86362
1 86327
1 86239
1 86208
5 11030
1 86131
1 86071
4
1 86071
1 86014
1 86005
1 85951
1 85948
1 85880
2 10396
1 85839
1 85781
1 85776
1 85769
1 85735
1 85719
1 85727
1 85701
1 85617
3 9788
1 85616
3 28196
1 85513
1 85505
1 85398
4
1 85372
4
2 10034
1 85327
1 85243
1 85173
1 85098
2 7713
1 85066
1 85060
1 85015
1 84958
1 84953
1 84889
1 84872
1 84788
2 9210
1 84772
1 84730
1 84683
1 84620
1 84606
3 32589
4
1 84580
1 84516
1 84421
1 84336
4
1 84310
2 17740
1 84298
2 7968
1 84273
1 84230
4
1 84219
1 84120
1 84055
3 23191
1 84050
1 84001
1 83905
2 3936
5 11754
1 83896
1 83806
1 83804
1 83771
1 83749
1 83680
1 83659
1 83651
2 29111
1 83622
1 83527
1 83469
1 83365
1 83317
1 83243
3 10250
1 83151
1 83127
1 83071
3 15937
3 3214
1 83002
1 82895
1 82841
1 82773
1 82677
1 82586
1 82583
1 82536
1 82431
1 82435
1 82409
1 82400
1 82326
1 82321
2 2902
1 82275
1 82210
1 82136
1 82066
1 81977
1 81935
1 81828
1 81829
1 81742
1 81659
1 81625
4
1 81523
1 81435
1 81440
1 81366
1 81314
1 81209
1 81187
1 81093
1 81064
1 81035
1 81034
5 30576
1 81008
5 26793
5 4091
1 80976
2 22427
1 80922
1 80868
1 80822
1 80785
1 80692
1 80696
3 18208
1 80657
1 80606
1 80586
3 21881
1 80564
1 80560
1 80472
1 80439
1 80347
1 80245
1 80235
1 80129
1 80114
1 80077
1 79984
1 79910
1 79849
1 79762
1 79704
1 79680
1 79640
1 79632
1 79563
1 79473
5 1968
1 79465
1 79427
1 79338
2 4804
1 79330
1 79242
1 79239
1 79157
1 79124
1 79119
3 26473
1 79064
1 79043
1 78947
3 28398
1 78867
1 78864
3 2980
1 78845
1 78790
1 78775
1 78785
1 78751
3 23908
1 78671
1 78587
2 4831
1 78480
1 78375
1 78317
3 6089
2 14179
1 78285
4
1 78190
1 78122
1 78042
1 77944
1 77942
1 77866
1 77793
1 77780
1 77740
2 12869
1 77698
5 833
1 77686
1 77659
1 77594
1 77487
1 77474
1 77388
1 77317
1 77303
3 22314
1 77288
1 77183
1 77074
1 77037
1 76940
1 76858
1 76805
1 76743
1 76682
1 76603
4
1 76507
3 19747
4
5 28571
1 76500
1 76476
1 76457
1 76434
1 76399
1 76330
1 76225
1 76183
1 76164
4
5 7968
1 76068
1 76073
1 76055
1 75953
1 75874
4
1 75822
1 75806
1 75814
1 75795
1 75731
1 75667
1 75605
1 75604
1 75507
1 75458
1 75408
1 75303
1 75307
1 75260
1 75257
1 75214
1 75200
3 32412
1 75184
1 75163
1 75072
5 12736
1 75034
1 75017
1 74961
1 74895
1 74850
3 18703
2 2004
1 74805
1 74722
1 74689
1 74684
1 74639
1 74535
1 74474
1 74437
1 74414
5 8347
1 74405
1 74301
1 74205
1 74199
4
1 74097
1 74050
3 26648
1 73949
1 73953
1 73873
1 73770
3 26891
1 73780
1 73778
1 73771
1 73699
1 73651
1 73638
3 29662
1 73618
1 73562
1 73556
1 73566
1 73512
1 73518
1 73468
1 73433
1 73438
3 32342
1 73328
1 73260
1 73175
1 73124
1 73043
1 72997
1 72917
1 72873
1 72845
1 72796
1 72736
2 28981
3 8216
3 16958
2 2852
3 10706
3 1122
5 8561
5 15291
2 21871
3 2806
5 13202
5 30452
3 5403
3 10782
3 12489
3 7456
3 13818
2 7669
3 8980
3 18309
3 3331
5 27404
3 16068
1 72769
1 72774
1 72766
3 18034
5 6918
1 72822
3 11891
2 6892
3 11676
3 4807
2 32298
5 9011
2 14851
3 18245
3 11908
3 12227
3 14278
5 7977
2 8704
2 8460
3 16525
2 3901
3 15952
3 14928
3 13333
3 5118
3 17946
2 24424
2 15054
3 4285
2 28376
5 3741
3 19035
3 7358
3 7032
3 12591
3 11253
3 3996
3 6365
3 17009
5 10120
2 13794
3 10845
1 72839
1 72840
5 26177
3 14007
3 3503
5 15588
3 5160
3 4
3 9534
5 28445
2 12324
1 79124
4
3 1755
3 10748
3 1859
5 31744
3 5009
5 3816
3 17016
3 3208
5 14338
5 28536
3 3794
5 3470
5 5513
3 7181
1 78317
3 17510
5 8376
4
1 72836
3 16621
3 16626
1 72919
3 6993
3 1250
5 12302
3 2179
3 12943
5 16039
3 8446
2 18954
5 13777
2 10124
3 15211
5 18262
3 2789
5 28640
3 6637
3 6674
3 4239
5 22698
2 1300
3 189
1 72947
5 21216
3 3123
2 690
3 226
2 4690
5 5040
3 68
1 73043
1 73078
3 4956
3 3156
2 11957
5 10128
3 16046
3 4046
3 4747
4
2 23022
3 18924
3 6768
3 679
1 84683
4
2 14731
5 27272
3 1964
3 3215
5 29460
5 13454
5 22959
5 5381
3 3077
3 635
3 606
3 7430
5 27945
2 22662
3 9374
5 31795
5 15267
3 11193
5 14828
3 4737
3 16743
3 5394
3 8919
3 14359
4
2 18504
5 1214
1 73069
2 30151
3 18417
5 2082
3 17089
3 11985
1 78751
3 2425
1 73142
3 5669
5 2440
3 8578
2 22803
2 2555
3 14240
4
3 10438
4
3 11727
3 7987
3 9930
3 18238
4
3 4400
3 19129
5 22782
5 11828
5 31912
3 840
3 5666
3 15780
5 31753
5 24466
3 11705
3 7883
1 73223
3 5657
3 14418
3 7773
1 73255
3 11461
3 2261
5 2079
3 5225
3 4549
3 11165
3 277
3 5774
4
4
4
3 8644
3 11744
5 5683
3 16885
2 20915
3 1836
5 21750
3 7257
1 73293
1 98042
3 13955
3 8091
3 1205
3 1591
3 12463
3 11692
1 73356
3 8113
5 24290
3 2075
3 2605
3 7483
1 73413
3 337
2 26943
3 7699
3 713
5 32659
2 6230
3 11421
5 12871
3 4227
3 3629
3 2567
1 79330
5 27295
5 31353
5 4363
4
3 1227
3 859
3 7174
2 28496
5 22742
5 18552
2 6400
3 7838
2 11090
1 73438
3 8508
3 7125
3 1274
3 6564
3 3347
2 14832
3 3943
5 24790
5 14878
5 22973
3 3483
1 81209
3 1943
5 32638
3 888
3 15797
4
3 11622
3 16613
1 73500
3 7640
3 18198
1 87702
3 17581
