545
1 3324
1 15743
1 1299
1 25135
1 1299
1 7815
1 15277
4
3 1299
1 25135
1 24304
1 3324
1 31775
1 21690
1 22344
1 26121
1 11889
1 4711
5 9216
2 23774
1 30834
3 25135
1 11621
1 749
1 18505
1 749
1 13653
1 24304
1 15251
1 18412
5 6428
1 21665
1 19170
4
1 32105
4
1 15251
1 19170
1 13653
2 26498
1 6197
1 28322
1 3401
1 26466
1 23877
1 32486
2 149
1 15882
1 1247
1 1247
1 26466
3 15882
2 18412
1 16385
1 2235
2 11485
1 782
3 30984
2 6334
2 31844
2 30240
2 21112
2 9363
1 5697
2 8690
3 26466
2 31584
2 11131
2 4542
2 3699
4
2 7308
4
2 2092
3 7815
2 18957
2 10633
2 24922
2 17510
2 19262
2 1725
3 15882
5 23569
2 4711
2 14074
2 18153
2 30995
2 4688
2 17136
2 21740
2 32179
4
2 32486
2 20002
2 5599
2 24315
3 1299
2 3584
2 18501
2 10335
5 5996
2 12448
4
5 9924
3 13653
2 11621
2 5635
2 22833
1 20088
2 23270
2 28621
1 4787
2 26600
2 24131
2 7943
5 749
2 14962
2 24981
2 3530
2 7425
2 17750
2 24556
2 17984
2 15001
2 17178
2 18505
2 6970
5 30463
2 24807
2 23252
2 13644
2 29338
2 31329
2 15871
2 14931
4
2 16998
5 31722
4
2 5082
4
1 7849
2 15628
1 24000
2 1434
2 902
2 29420
4
2 107
2 12461
1 30153
5 779
2 30960
3 3324
2 16069
2 7628
5 10366
2 21690
2 19048
1 981
2 32216
4
4
2 28730
1 3324
2 31775
2 749
4
1 5697
1 460
1 5380
1 32074
1 28322
1 12703
1 19300
1 25343
2 23026
1 2108
5 5189
1 2108
1 4769
3 7849
1 6201
1 6197
1 8959
5 1839
1 24767
1 15575
1 25135
1 24000
1 26737
1 16385
2 20088
1 24312
3 19300
1 9195
2 31747
1 31272
1 16125
1 31082
1 16613
3 31658
1 19348
1 20501
1 22427
1 27258
1 23526
1 32593
1 5658
1 160
1 9820
2 2664
3 460
1 3436
1 3524
1 2108
1 19170
2 6197
1 27191
1 19489
1 23567
3 24000
1 21319
1 23567
1 26511
1 23051
1 22380
1 27191
5 160
1 5389
1 160
1 22758
5 160
1 24722
1 20088
1 19348
1 21379
1 15520
1 25281
3 26511
1 8157
1 32105
3 4509
1 21379
3 32074
1 2583
1 24169
1 3279
1 13105
1 26267
1 1567
2 21760
1 6197
2 25178
1 27191
2 20088
1 23822
1 27108
1 7073
1 13116
5 14424
1 8237
1 16385
1 17641
1 3780
1 16385
3 1283
5 3130
1 7849
3 11621
1 24000
1 30179
1 22775
3 27108
1 2908
3 1567
5 10166
2 18694
5 14748
4
3 25135
2 2908
5 15773
4
2 8318
5 31123
1 24553
1 5046
4
5 27209
4
1 7073
2 27551
4
2 5401
1 23733
5 5760
5 30455
1 12369
1 25514
2 392
1 29976
2 12383
1 23867
2 20200
4
1 2037
5 19535
3 15277
5 15666
2 14630
2 9768
4
1 22427
5 31106
5 13608
5 12571
3 30828
2 24559
1 4711
2 23594
3 10110
5 971
1 2276
5 18612
5 8516
3 12369
4
1 28405
5 25358
2 12765
1 2975
4
1 28136
1 15331
3 22344
3 26121
2 19348
5 32646
4
4
1 15520
5 14901
2 1634
1 25079
1 6233
1 22380
1 5923
5 5351
5 28989
5 160
5 160
1 21151
5 496
3 23822
1 20337
2 460
4
1 23095
2 23096
3 460
2 27864
3 12067
3 9820
1 26995
1 12796
1 28322
5 26666
1 25224
2 12648
2 30256
2 14873
5 30392
5 21563
5 160
3 5380
1 21319
1 5657
2 25335
5 20543
2 5226
1 13653
1 26466
1 31471
5 13362
1 16737
1 14429
5 14880
2 25224
1 25514
4
1 23877
5 23597
2 7815
1 26267
2 6709
1 9299
5 11697
5 8205
1 21041
4
3 25343
4
5 6988
5 32023
4
5 7616
3 5046
1 25343
1 12796
1 2975
2 21441
3 25076
4
2 21690
4
2 22061
1 6233
4
5 29775
5 31098
2 22095
5 7237
2 18505
5 160
1 4326
2 5619
1 10139
2 19013
2 115
5 16372
2 27438
5 9231
3 9783
5 13098
1 25343
1 25079
5 5041
2 3160
5 585
2 18742
3 31775
5 160
5 18621
1 20194
1 6233
5 17942
5 483
5 24558
1 1694
5 10119
1 13653
3 25079
1 5414
2 8941
1 22380
3 2936
1 27843
4
2 19102
5 2767
1 22300
4
3 30834
3 25135
1 22427
5 11025
5 13783
5 20597
1 29735
5 14367
4
4
1 19300
1 3324
1 19348
1 19489
3 8959
5 7013
5 13905
1 15743
5 4717
2 26035
2 29268
5 8974
5 21258
5 9874
4
5 30080
5 27992
5 28641
4
5 20270
1 10139
5 24223
1 22097
1 28230
2 7471
1 31241
5 13754
3 749
5 160
5 5743
4
2 10139
5 8618
2 19413
5 28739
3 18412
1 749
1 11864
5 13360
4
2 14481
5 32548
3 20638
3 31241
2 15388
5 10270
5 160
5 9790
1 21989
5 23407
4
3 7073
3 32105
4
5 160
3 31272
1 15743
4
5 160
1 23942
1 32472
2 2699
5 31205
4
1 26511
2 19300
2 24192
2 11621
1 478
5 19413
5 160
1 9209
