946
1 2
1 35
1 138
1 236
1 335
1 442
1 454
4
1 470
1 507
1 577
1 583
1 584
1 594
1 664
1 670
1 663
1 685
1 711
1 816
1 921
1 939
1 1047
1 1119
1 1127
1 1223
1 1214
1 1328
1 1338
1 1426
1 1513
1 1575
1 1683
1 1714
1 1775
1 1867
5 5899
1 1958
1 1978
3 8582
5 17531
1 2050
1 2144
1 2158
1 2187
1 2177
1 2202
1 2251
1 2295
1 2335
1 2368
1 2468
1 2501
1 2539
4
1 2551
5 14040
2 10212
1 2645
2 9062
1 2679
1 2700
1 2714
3 13924
5 31234
1 2813
1 2863
1 2924
1 2955
1 2950
1 3045
1 3108
1 3207
4
1 3197
1 3275
1 3288
2 26117
1 3317
1 3364
1 3384
1 3474
2 13168
1 3568
1 3600
1 3707
1 3770
2 19282
1 3780
1 3827
1 3880
1 3963
2 13698
1 3953
1 4003
1 4049
4
1 4084
1 4135
1 4222
1 4294
3 13207
3 307
1 4360
5 29542
1 4444
1 4468
1 4547
1 4624
1 4632
1 4703
5 946
4
1 4759
1 4825
1 4857
1 4907
3 14878
1 4931
1 4983
1 5070
1 5177
1 5190
1 5216
3 20541
1 5292
1 5327
1 5345
1 5395
3 15457
1 5492
1 5578
1 5648
1 5659
1 5667
1 5698
1 5734
1 5758
5 21739
1 5782
1 5865
3 22935
1 5951
1 6008
1 6112
1 6107
1 6172
5 20504
1 6208
1 6200
1 6223
1 6260
2 6350
1 6281
1 6319
1 6387
4
1 6460
4
2 20261
1 6452
3 32607
1 6559
1 6571
1 6666
4
4
2 5149
1 6687
1 6742
5 20858
1 6800
4
1 6893
1 6934
1 6932
5 17475
1 7010
2 5126
1 7090
1 7153
1 7177
1 7210
1 7300
1 7313
5 25142
3 18084
1 7375
3 26842
1 7425
1 7477
1 7575
5 13199
4
1 7642
1 7728
1 7735
1 7833
1 7924
1 7931
1 8023
1 8106
1 8108
3 18477
1 8104
3 27425
1 8192
1 8298
1 8360
1 8465
1 8536
1 8610
1 8685
1 8684
1 8676
1 8776
1 8849
1 8957
1 9018
1 9051
1 9068
2 17968
1 9159
4
1 9264
1 9364
1 9432
1 9521
2 23234
1 9619
5 7907
1 9609
1 9660
4
1 9752
1 9786
1 9806
1 9876
1 9962
1 10057
1 10120
4
3 1601
1 10181
1 10274
5 26488
1 10337
1 10340
1 10426
1 10436
1 10535
1 10529
1 10572
1 10630
1 10626
1 10668
1 10755
1 10824
1 10827
3 648
1 10927
1 10963
1 10980
1 10996
1 11055
1 11125
1 11212
3 2204
2 29031
1 11273
1 11288
1 11290
4
1 11333
1 11365
1 11395
4
5 22537
5 639
1 11434
1 11480
1 11509
1 11555
3 29963
1 11650
1 11701
1 11778
1 11779
1 11856
1 11925
1 11923
3 8458
1 11950
1 11969
1 12047
4
1 12055
4
1 12099
1 12132
1 12180
1 12228
1 12220
1 12294
1 12354
5 30528
4
1 12455
1 12552
2 20846
1 12650
1 12722
1 12739
5 26811
1 12800
1 12900
1 12980
5 17622
1 13087
5 20158
4
5 2768
1 13093
1 13147
1 13144
1 13208
1 13278
1 13300
1 13305
1 13375
1 13472
4
1 13563
1 13643
1 13718
1 13745
1 13749
1 13804
1 13819
4
1 13835
1 13886
1 13960
1 13977
1 13988
1 14022
1 14049
1 14146
1 14176
1 14270
1 14304
1 14333
2 31699
1 14430
1 14503
2 27578
1 14498
5 14611
1 14536
1 14572
3 8965
1 14637
1 14729
1 14732
2 5794
2 20952
1 14820
1 14835
4
2 9056
1 14853
1 14875
3 8124
1 14934
1 15002
1 15072
1 15098
2 30715
4
3 17282
1 15122
1 15137
1 15210
1 15255
1 15364
5 15323
4
1 15412
1 15407
1 15408
1 15450
2 22
4
1 15541
1 15545
1 15619
1 15643
3 21721
1 15662
3 21170
1 15685
1 15709
1 15733
1 15740
5 3423
4
1 15799
4
1 15836
1 15900
1 15906
1 15983
3 2894
1 16067
1 16155
1 16230
1 16280
1 16368
1 16415
4
1 16462
1 16473
1 16518
4
1 16620
1 16708
1 16755
1 16854
1 16886
1 16934
1 16954
1 16974
1 16991
1 16983
2 16976
1 17074
1 17178
1 17171
1 17201
4
1 17249
1 17323
1 17364
1 17445
1 17551
1 17602
1 17609
4
1 17666
1 17701
1 17741
1 17751
1 17793
1 17860
1 17906
1 17945
1 17951
1 18051
1 18047
5 2066
1 18159
1 18238
1 18290
1 18345
1 18347
1 18341
1 18416
1 18475
3 16992
1 18480
1 18496
5 2722
2 14272
1 18573
1 18649
3 5806
2 21059
5 1501
1 18749
1 18759
1 18859
2 30864
1 18855
1 18966
1 18981
4
1 19014
1 19065
1 19147
1 19229
1 19293
1 19357
1 19447
1 19544
2 28459
1 19614
1 19679
5 5870
1 19734
1 19785
1 19795
3 2492
1 19887
1 19968
1 19978
1 20026
1 20044
4
1 20124
1 20201
1 20292
1 20331
1 20367
1 20455
1 20499
1 20544
1 20651
1 20711
1 20777
1 20847
1 20903
1 20940
1 21031
2 19940
1 21048
1 21051
1 21075
1 21150
4
1 21236
1 21311
1 21312
1 21302
1 21351
1 21431
1 21444
2 21688
1 21489
1 21491
1 21595
1 21612
4
1 21637
1 21716
4
1 21766
1 21820
1 21904
1 21940
3 25695
3 12469
1 21972
2 10597
1 22056
1 22111
1 22198
1 22297
1 22311
5 7839
1 22342
1 22349
1 22440
1 22436
4
2 31427
1 22459
1 22450
1 22532
3 3590
1 22641
3 16400
1 22750
1 22822
1 22920
1 22935
1 22974
1 23020
5 2472
1 23034
1 23070
1 23064
1 23140
4
1 23187
1 23244
1 23294
1 23335
1 23420
1 23475
2 1459
1 23552
1 23554
1 23551
1 23589
1 23655
1 23756
1 23826
1 23921
1 23926
1 24013
2 18763
1 24015
1 24007
4
1 24107
3 16015
1 24180
1 24198
1 24268
1 24323
1 24364
1 24402
1 24446
1 24527
1 24525
1 24615
1 24708
1 24752
1 24842
1 24901
1 24915
1 24960
2 25998
1 25062
1 25100
3 9671
1 25105
5 10894
1 25124
1 25213
1 25273
1 25357
1 25361
1 25371
1 25365
1 25428
1 25529
1 25606
1 25596
4
1 25703
3 9380
1 25789
1 25804
1 25840
1 25841
1 25921
1 25917
1 26008
3 21064
1 26025
1 26117
1 26213
1 26242
3 2820
3 5167
1 26332
1 26369
3 15968
1 26474
1 26543
1 26553
1 26624
5 14703
3 93605
3 85091
2 8106
4
1 26586
1 11365
5 14745
3 82842
3 88134
3 98041
3 96438
3 99123
3 89639
2 1333
1 2539
3 86332
5 7942
3 93675
1 12650
5 12412
1 26527
3 88953
3 95632
5 3617
3 88481
3 89534
3 85338
5 31624
3 96110
5 31491
5 31027
4
3 98674
5 14486
3 87741
2 8804
3 90278
2 16048
3 90434
2 23149
5 25339
3 99083
5 30843
3 99507
3 96370
3 93911
2 2768
1 9159
5 24364
3 96167
3 84994
5 8822
3 93075
5 6984
3 88874
2 15688
5 2428
1 26490
5 23354
1 26443
3 87857
5 11781
1 7735
3 95633
3 81426
2 29153
3 98748
1 12180
2 29029
3 90650
4
2 8645
1 26334
1 26325
5 3255
3 98189
1 26258
5 24882
3 92609
5 25271
1 17551
5 1674
3 94768
5 1076
3 99979
5 15355
3 96476
3 82301
3 88327
3 89954
5 2589
3 89549
3 87258
4
3 98521
3 95479
3 93246
5 17759
2 23808
5 25826
5 13663
1 22459
5 23011
3 81329
4
3 93536
5 6288
5 9882
3 91385
3 94394
3 88250
5 19
2 5110
3 97392
4
5 20674
3 92910
5 9581
3 81845
3 93825
5 6998
3 84053
5 7608
3 90165
3 97941
3 99798
3 93983
3 98910
3 99387
3 92766
2 24421
3 86350
3 99379
3 98215
3 89835
3 93633
3 95681
3 96593
5 953
3 93281
5 28266
3 90893
1 26232
5 15345
3 96428
5 31970
2 27418
5 18981
3 94459
3 86999
1 13144
4
5 16068
3 88395
5 4998
5 26970
3 91023
5 22211
3 98812
5 17332
5 6959
3 92300
1 11333
5 16261
3 99110
3 95915
3 99767
3 84777
5 30869
5 9327
5 1448
3 87084
1 15364
4
2 12847
5 3167
5 28168
5 4377
5 25660
3 88559
1 26179
2 16989
3 94243
5 16398
5 2125
5 25204
3 86282
3 90727
5 7827
5 15235
3 86002
2 9251
3 88112
3 93328
3 95017
5 6163
3 92503
5 11971
2 21833
3 81644
3 95000
1 7210
3 91729
3 94343
3 89450
3 90018
3 85339
5 12425
4
3 95131
1 26098
3 88424
2 9755
3 81010
3 87163
3 87117
3 83949
3 90975
5 3515
4
5 4497
2 16642
2 1865
5 25036
2 21282
5 31781
5 31421
3 90819
3 93211
1 25992
3 81148
3 94372
3 97087
4
1 25990
3 90827
3 95316
3 83091
3 91227
5 4365
3 99562
3 96748
1 25904
3 85754
3 90241
3 95687
1 25864
3 94302
1 25775
3 90289
3 94627
2 9314
3 83929
3 89911
5 31082
1 19014
2 3764
3 87937
2 4565
3 98716
3 98056
3 86531
3 84034
3 97394
3 87430
3 89876
3 86889
3 89893
3 86179
3 86220
5 8816
3 94646
2 6778
3 99347
3 84629
3 90002
2 26462
5 29988
3 85027
5 8590
5 26119
3 82438
