92
1 13771
1 13771
4
4
1 15015
1 3002
1 3002
1 21279
1 29823
1 24372
2 25882
4
4
2 5238
3 29823
2 25990
2 26362
2 5075
1 29823
2 24033
2 6424
2 7262
3 29823
2 1007
2 23214
2 17698
2 21279
2 6536
1 18875
3 15015
1 18875
1 18875
1 8169
5 10299
1 13771
5 23304
1 32471
1 3002
2 11485
1 15015
1 8169
1 13771
1 15525
1 16172
1 2520
1 2520
1 10811
1 16172
1 21803
5 11704
2 13677
1 32414
3 3002
2 1091
4
2 7585
1 15808
1 17036
1 23220
1 23220
5 27264
4
3 18875
1 19977
4
5 1121
2 32471
1 27217
3 27217
5 14993
2 7599
5 2103
4
2 21986
4
1 19514
2 22870
1 19977
2 19614
3 27217
2 3281
3 2520
4
2 18860
4
5 26410
3 15015
5 2520
4
2 31211
3 13771
4
