910
1 4
1 6
1 6
1 112
1 204
1 212
1 286
2 9933
1 374
2 26805
1 392
1 439
5 22647
1 489
5 22452
1 503
2 21375
5 7059
1 549
1 573
4
1 578
1 638
4
1 651
1 667
3 25896
1 680
1 758
1 788
1 868
1 914
1 932
1 1023
1 1122
1 1202
1 1219
1 1275
1 1322
1 1407
1 1468
1 1524
1 1580
1 1645
1 1697
1 1793
2 18713
1 1846
1 1853
1 1947
1 1946
1 2002
1 2072
3 6753
1 2096
1 2192
1 2290
1 2337
1 2385
1 2454
1 2455
1 2452
1 2452
4
3 16343
5 13872
1 2515
5 21837
3 1332
1 2611
1 2685
1 2744
1 2810
1 2887
1 2928
2 6951
2 10431
1 3019
3 14264
1 3090
1 3129
5 4773
1 3159
1 3205
1 3230
1 3249
1 3268
1 3301
1 3316
3 5126
5 5479
1 3400
1 3419
1 3455
4
1 3451
1 3506
5 12192
1 3550
1 3630
1 3663
5 1474
1 3725
3 11505
1 3721
4
1 3759
1 3824
2 15770
1 3879
5 19809
2 21858
1 3906
1 3916
1 3950
1 4005
1 4029
4
1 4038
2 22838
1 4144
1 4202
4
1 4219
1 4288
1 4281
1 4344
1 4436
1 4513
1 4608
1 4699
1 4703
1 4766
4
2 30621
1 4789
1 4853
1 4902
5 15586
1 4951
1 5056
2 9824
1 5088
1 5097
1 5152
1 5236
1 5335
4
1 5353
1 5348
1 5399
1 5465
1 5483
1 5541
5 24025
1 5636
1 5642
1 5634
1 5660
1 5743
1 5803
1 5905
1 5975
1 5971
1 6066
1 6086
1 6084
1 6126
1 6121
1 6203
1 6215
1 6261
1 6298
1 6312
1 6362
1 6399
1 6430
1 6425
1 6469
1 6568
1 6657
1 6723
1 6803
1 6875
2 16940
1 6984
1 6996
2 6378
1 7024
1 7116
1 7131
2 17079
1 7223
1 7233
1 7297
1 7371
1 7470
1 7530
1 7637
1 7702
1 7694
1 7723
1 7722
1 7745
3 14685
5 7854
1 7826
2 29420
1 7821
1 7901
1 7981
3 15059
1 8030
1 8096
1 8127
1 8123
2 17269
1 8162
1 8160
1 8218
1 8324
1 8376
2 16458
1 8469
1 8529
1 8529
1 8583
1 8663
1 8746
1 8767
5 8989
1 8776
1 8868
1 8883
1 8930
1 8951
1 8960
1 9020
1 9057
4
5 30696
3 986
1 9141
1 9163
1 9205
5 16904
5 8218
1 9240
1 9320
3 15991
1 9364
3 3752
1 9365
1 9423
1 9467
1 9509
3 27453
5 12764
1 9572
1 9637
1 9733
3 15844
1 9767
1 9840
1 9879
1 9942
1 10020
1 10102
1 10096
1 10149
1 10203
1 10204
1 10219
1 10257
4
1 10286
1 10342
1 10439
1 10441
1 10505
1 10561
1 10557
1 10557
1 10654
1 10736
1 10766
1 10870
1 10966
1 11013
3 3720
1 11031
1 11071
1 11124
1 11224
5 26953
1 11241
1 11347
5 1824
1 11350
1 11449
1 11526
1 11604
1 11663
1 11720
2 31256
1 11729
1 11828
1 11862
1 11927
1 11977
1 12042
1 12054
1 12101
1 12138
1 12210
5 7654
1 12262
4
1 12306
1 12307
3 6445
1 12395
1 12433
3 4062
4
1 12477
1 12521
1 12617
1 12608
1 12677
1 12696
1 12804
4
1 12866
1 12857
1 12875
1 12928
1 12965
1 13023
3 31779
1 13119
1 13221
1 13272
3 30745
1 13358
1 13379
1 13475
1 13573
1 13628
1 13649
1 13716
1 13737
1 13767
1 13848
1 13955
1 13977
1 14022
3 4021
1 14063
1 14137
2 6776
1 14137
5 24173
1 14160
3 12516
1 14249
1 14318
1 14407
1 14461
1 14545
3 12829
1 14535
1 14538
1 14579
1 14659
1 14732
1 14764
1 14795
1 14845
4
1 14916
1 14961
1 15052
1 15063
1 15168
4
1 15265
1 15331
1 15425
1 15503
1 15603
1 15612
1 15640
1 15668
2 17629
3 654
2 22805
1 15770
1 15818
1 15866
3 29570
1 15915
1 15970
1 16059
1 16092
1 16168
1 16249
1 16339
1 16365
1 16360
1 16449
1 16475
1 16517
2 10561
1 16606
1 16655
1 16762
5 5726
1 16791
1 16846
1 16916
1 17021
3 28531
1 17051
4
1 17065
1 17073
1 17105
1 17181
1 17242
4
1 17307
1 17363
1 17393
1 17414
1 17410
1 17435
1 17495
1 17542
1 17618
2 780
1 17724
1 17731
1 17768
1 17871
1 17911
3 29311
1 17999
1 18020
1 18101
1 18161
2 29238
1 18259
2 14838
1 18265
1 18362
1 18458
1 18510
4
1 18581
4
1 18635
1 18731
1 18725
1 18801
1 18871
1 18923
1 18925
1 18930
5 9928
1 18920
1 18990
4
1 19056
3 10539
2 8913
1 19067
1 19130
1 19145
1 19199
1 19274
1 19359
1 19449
1 19470
2 27952
3 26822
5 28475
1 19525
1 19617
1 19642
4
4
3 28349
1 19715
5 20655
1 19732
2 30093
1 19745
1 19780
1 19870
1 19964
1 20047
1 20109
1 20186
1 20273
1 20356
1 20428
1 20511
1 20619
1 20611
1 20663
4
5 8021
1 20699
1 20692
5 26029
1 20694
1 20740
1 20792
1 20830
1 20901
1 20903
1 20930
1 20927
1 21004
1 21070
4
1 21107
1 21123
3 10316
1 21198
1 21240
1 21242
1 21293
4
5 19298
1 21292
1 21349
1 21407
1 21405
1 21480
1 21535
1 21571
1 21620
1 21617
1 21684
1 21706
1 21724
1 21721
1 21755
2 24727
2 3455
1 21803
1 21814
1 21832
1 21925
2 25105
1 21980
1 21995
1 22080
2 30427
3 9717
1 22125
1 22141
1 22236
1 22277
1 22366
3 14829
1 22406
1 22478
4
1 22539
2 6178
1 22563
1 22631
1 22637
2 21554
1 22684
1 22781
1 22836
1 22867
1 22950
1 23036
1 23054
1 23157
1 23158
3 19990
1 23253
2 1094
1 23336
1 23436
1 23503
1 23518
1 23564
1 23562
1 23655
2 29077
1 23691
3 25668
1 23777
1 23835
1 23869
1 23952
1 23992
4
1 24072
1 24120
1 24175
1 24278
1 24380
1 24482
1 24487
1 24516
2 11789
1 24592
1 24698
1 24803
1 24847
5 19571
1 24844
1 24841
1 24930
1 24962
1 25030
1 25117
1 25172
1 25277
1 25379
1 25410
1 25492
1 25585
1 25664
4
1 25664
1 25674
5 29043
1 25754
5 29250
1 17073
5 26629
1 25662
1 25581
2 12605
3 92414
3 96457
3 97480
3 98532
1 25578
3 93150
5 29442
2 18657
1 25501
3 96674
5 20582
3 89554
1 25424
3 97459
5 25071
2 23943
3 90760
3 90243
3 89039
1 25415
3 96635
3 92523
5 7538
5 29838
2 19497
3 97030
3 90796
4
5 4764
5 2211
3 89685
3 94140
3 93495
5 13669
3 97682
3 90459
3 98314
3 94984
1 25363
3 85554
3 96880
5 6696
3 87801
3 86260
5 14205
5 26341
3 98611
3 89773
2 29889
3 89517
1 25501
3 94477
4
4
5 14294
3 88133
5 30454
2 23146
1 17021
1 25301
5 666
5 32268
3 97199
1 3451
3 83256
3 88508
2 25811
3 94961
3 99178
3 95496
5 10531
3 94286
3 85805
3 93293
3 87534
3 86214
2 13438
3 96172
3 90709
3 83359
2 17387
3 92462
1 25291
2 7963
2 18587
2 20037
2 14146
3 94186
3 91502
3 93140
2 19165
3 80885
5 28314
3 82195
3 81412
3 94055
3 92027
3 89642
3 93097
5 28129
3 98964
4
3 95396
5 31683
2 15495
5 27858
3 82939
3 93811
4
5 7485
5 8908
3 87907
3 83117
3 97237
3 94992
5 17164
5 1042
3 80357
1 25242
3 93618
3 95951
3 98083
3 99869
5 24068
5 24127
2 28510
2 20310
2 22167
3 83143
3 88336
3 92493
1 204
5 4114
4
3 86885
4
3 93861
3 94518
1 25215
3 86920
4
3 95835
3 96299
3 89280
4
3 99931
5 2193
3 94663
3 97308
3 93293
5 17895
3 85515
5 1934
5 29323
3 97967
3 89262
3 86478
3 90566
3 87487
4
3 83183
3 98155
3 99667
2 16000
3 99751
3 83437
1 25111
3 96641
3 91405
3 96149
3 94582
3 93006
4
2 13373
2 4185
3 98516
2 10114
3 98590
5 25431
4
3 96548
3 99066
2 15166
3 98256
5 25315
3 99747
3 89842
3 87688
5 15502
5 24408
1 3725
5 32085
3 98629
3 90185
3 93681
3 97033
3 98314
1 25045
3 90383
2 24553
1 24966
5 18456
5 13451
5 9067
5 30594
5 26809
3 82671
4
3 90504
3 89724
3 98914
3 93988
3 97873
3 89558
3 98075
5 7735
3 99045
3 90918
5 25683
3 99849
3 93419
3 85499
2 24440
3 81899
4
2 20315
5 518
5 20836
3 90661
2 25647
5 23184
3 92272
2 20249
1 19745
5 17679
3 99563
5 10756
2 17851
2 8719
1 24872
3 98566
3 86028
3 99605
3 92799
5 15188
5 16345
5 21117
3 97327
3 89594
3 92834
3 92220
5 2246
1 21070
5 27853
3 85111
3 93079
3 99127
1 24843
3 99031
3 94036
3 93080
3 80951
3 98202
3 91439
3 94056
5 14410
3 82138
