95
1 99998
1 99900
1 99801
1 99748
1 99687
1 99629
1 99569
1 99559
1 99477
1 99410
1 99326
1 99283
4
1 99206
4
1 99211
3 21729
2 20984
1 99140
1 99136
4
1 99138
2 6797
1 99066
1 99021
3 17745
4
1 98956
1 98905
1 98912
3 3468
1 98852
1 98814
1 98823
1 98815
1 98789
1 98738
1 98719
4
1 98647
1 98641
4
1 98612
3 19416
1 98585
1 98564
1 98513
1 98409
1 98374
1 98297
1 98219
1 98133
1 98093
1 98004
1 97921
1 97909
1 97836
2 9299
1 97809
1 97794
1 97721
1 97680
1 97621
1 97587
5 29770
1 97546
1 97494
3 9684
3 1761
5 6055
3 19558
2 31221
3 12762
3 6328
5 14606
2 18802
2 18389
3 8593
3 19914
5 13297
3 1868
3 18339
3 2667
2 27629
3 8616
4
3 5966
3 9674
3 1071
2 5146
1 97493
4
3 1215
3 18542
3 9124
