994
3 25543
1 2108
1 2108
4
1 21169
1 26934
1 15500
1 30537
1 15500
1 2108
1 24447
1 30537
1 15500
1 24447
1 1672
1 23285
2 18459
5 1672
1 30537
1 10566
2 10566
1 20994
2 1672
5 29265
1 16318
1 18397
1 1380
1 24447
1 18397
1 247
1 1380
1 30537
1 18273
1 21169
1 1672
2 11773
1 17208
1 15663
1 26125
1 29627
1 17208
1 26934
1 5724
1 11756
1 247
1 9968
1 8143
1 654
1 28897
2 15500
1 20118
1 14660
1 31834
1 9494
2 18397
3 18462
1 17208
1 14681
2 22331
1 11756
1 17208
2 1677
1 247
1 7738
1 28668
1 18273
1 20072
5 25207
1 18397
5 29658
1 32079
1 21798
1 26934
1 654
1 10592
1 27192
5 247
1 26815
1 32254
1 20539
2 13022
1 11730
1 31038
1 7399
1 5376
1 28109
1 16252
1 7997
2 10536
1 13397
1 9201
1 7399
5 20738
1 29941
1 9968
1 18256
1 26265
1 10228
1 32723
1 6131
2 17735
5 26994
2 6862
2 31043
2 21470
3 30537
2 14963
2 10385
2 31767
2 17208
3 25888
2 12264
2 15162
1 13397
4
2 26091
5 13282
2 15663
2 2420
2 25917
2 30083
2 29572
2 22089
2 5376
2 6488
2 14249
2 5988
2 16318
2 14985
4
2 30178
2 3317
2 9710
2 6141
2 6360
3 32079
2 14041
2 1125
2 11730
2 31663
4
2 9968
2 2409
3 27546
2 9915
1 7997
2 22008
1 7399
2 12039
2 2393
2 5929
2 25777
5 247
2 21689
2 23285
2 24510
3 18397
2 13128
2 1308
2 7975
5 899
2 2152
2 27228
2 12941
2 15622
2 7738
2 14860
5 17353
2 5407
5 18834
2 17936
2 6327
2 24488
2 23254
2 14185
2 31233
2 17312
2 11706
2 1874
2 15664
2 15334
2 2818
2 13982
1 15855
2 18397
2 30520
2 26125
5 247
2 12410
2 14259
1 25557
2 2891
2 18397
2 17977
2 5554
1 486
2 23511
2 24583
2 5201
2 11782
2 19970
2 27044
2 5407
2 16921
2 27808
2 13155
2 12855
2 16766
2 28430
4
2 13081
2 30106
2 17012
1 28897
2 6074
2 28290
1 26934
2 21647
2 13942
4
2 18273
2 13486
2 247
2 4422
2 5053
2 18039
2 5724
5 247
2 12649
2 10700
2 32254
4
2 10439
2 13248
2 10173
2 14776
2 18749
4
2 13939
2 30630
2 27448
2 7203
2 6298
2 5668
2 26607
2 26017
2 31371
1 21421
3 21798
2 24447
2 1385
2 1380
5 14329
2 11541
2 22749
3 24447
2 2396
2 2530
2 21970
2 23129
2 20668
2 19063
2 3436
2 13584
2 31479
1 57
3 16318
3 18256
2 24665
5 23273
2 6650
2 13201
5 14522
2 14774
2 21700
4
3 7399
2 486
2 5560
2 14681
4
2 27859
2 8997
2 17392
4
4
2 32287
2 15756
4
2 27031
2 31050
2 25242
1 6735
2 18265
5 25906
2 16930
1 7399
2 27551
5 31119
1 16400
2 31661
2 28766
1 2063
1 30180
5 10353
1 24900
1 15063
1 31654
1 10592
1 20263
1 6173
3 24447
1 18579
1 29627
1 7172
1 3646
1 17872
1 7399
1 20072
1 30452
1 2063
1 30469
1 1672
3 30896
1 10566
1 26058
1 4081
1 7172
1 27692
1 8737
3 247
1 30537
1 29124
1 409
5 32232
1 20118
1 24477
1 18908
1 3579
1 21421
1 27463
1 24086
1 21614
1 27551
4
2 23912
1 15734
1 29126
1 2284
1 8769
1 6330
4
1 8272
1 5819
1 11756
1 3485
1 25350
1 4738
2 22127
1 3896
4
1 11637
1 3251
4
1 28692
1 14935
1 17750
1 5724
1 32079
4
2 22953
1 19217
1 31114
4
1 32678
1 30537
1 27965
1 12596
1 2108
1 21039
1 16252
1 31663
1 18765
2 486
1 14958
1 11294
1 17514
1 31834
1 10682
1 31168
1 28668
1 4188
1 23227
1 13292
1 25869
1 7783
1 3896
1 27463
1 11112
1 10774
1 21710
5 57
1 8238
2 24891
1 2658
1 12136
1 10393
1 2284
2 10015
1 18908
2 29389
1 11370
3 31114
1 8737
1 2327
1 13791
1 18579
1 23348
1 30601
1 23285
2 11971
1 11021
3 1675
3 14958
1 29130
1 13978
1 23716
1 2562
1 26934
1 17894
1 4996
5 2911
1 28045
1 28578
1 3157
1 4081
1 32078
1 14935
1 3907
5 7865
1 9974
1 18273
4
1 30323
1 9941
1 26215
1 6969
1 12169
1 538
1 30438
1 7997
1 2279
1 21166
1 24629
1 28569
1 16297
1 31828
1 20388
1 8790
1 26991
1 28693
1 2279
1 10774
4
1 18128
1 12622
1 220
2 17465
1 13971
1 4081
1 9338
1 4188
1 21169
3 18195
1 12076
1 17421
1 16231
1 11021
1 13140
1 11756
3 26991
3 12596
1 14036
1 7958
1 28579
1 10774
1 8673
1 10986
3 3900
1 27623
1 20746
1 31026
5 19781
1 6131
1 409
1 32081
1 30608
1 8748
5 14006
5 28227
4
5 12503
5 57
1 20539
4
5 19393
1 11004
5 7203
3 12622
3 409
5 32328
1 18965
3 31038
5 9591
5 21264
4
2 28917
1 15949
2 8690
1 16681
3 7621
1 8526
1 28977
2 26455
5 19806
3 24629
5 57
4
5 57
5 7172
1 20153
3 8930
1 14216
5 19878
4
1 23893
5 57
4
1 28139
1 30438
4
4
5 324
1 15663
1 3497
5 14938
4
2 12395
5 30276
1 23925
1 9494
5 27357
5 15954
2 31586
2 17484
1 3225
5 57
2 3680
5 14403
1 20317
1 26215
5 29739
5 1287
1 25622
1 12169
5 18796
4
5 9893
1 11816
2 17083
1 4954
2 2787
4
5 31483
2 10253
2 28003
1 879
1 3306
5 24644
2 15063
5 19099
2 20974
4
5 13835
2 10945
2 10986
1 16318
3 29627
3 12719
5 57
1 1628
1 23351
5 21917
5 32158
2 24061
2 26096
2 10228
1 8769
3 12622
5 18997
2 15016
4
2 18405
2 15500
5 57
1 10125
2 28156
4
5 16360
2 3225
2 29308
4
4
1 30537
5 57
5 16022
2 8692
1 14209
3 10228
5 476
2 6854
1 20190
3 4188
1 10909
1 8143
1 13825
2 25869
2 17718
2 14958
3 29941
3 31834
5 15119
4
5 57
5 20628
1 14209
5 5337
2 21039
1 24084
5 20493
1 26889
3 12596
5 27507
2 28645
2 11756
2 19746
1 30180
1 7709
1 12622
5 6117
4
4
1 4050
1 8673
5 5133
4
2 28010
5 57
5 57
2 23351
4
5 57
3 16297
4
3 3646
2 18273
2 21798
5 11380
5 3518
2 27633
2 16133
5 18660
2 32718
3 12596
4
2 4975
1 4660
5 57
1 22499
1 6735
1 6744
4
4
1 15384
2 3582
2 17473
4
2 25993
3 15603
1 16995
5 2894
5 19375
5 57
5 2141
1 20142
2 20629
1 30608
5 18524
5 23797
2 9942
2 11056
5 16477
1 29124
5 25997
5 57
5 20384
2 28692
2 4432
2 11890
2 3240
1 538
5 6947
5 18977
5 21165
1 19131
1 31277
2 3810
5 23318
1 14937
5 14188
5 24777
2 10480
5 13868
2 5724
5 57
1 5376
1 6969
2 32079
1 18007
2 15410
5 57
3 12290
2 21421
3 8737
3 654
5 22835
5 18508
1 20196
5 57
1 28342
1 16309
2 14715
3 21166
5 7238
2 13108
1 29124
3 24447
5 57
3 3704
2 24750
3 7172
5 57
5 17546
5 30632
5 57
1 32571
4
5 20885
5 7448
2 5298
1 15843
4
5 19035
3 8272
4
1 11302
1 21596
4
3 23758
5 10939
5 17812
4
2 1096
1 19588
2 20003
3 11294
3 11267
2 13799
1 5844
1 20648
4
2 5821
3 6969
3 7399
5 21409
1 21444
2 11475
1 14264
5 26438
1 25112
1 4101
1 15572
2 15855
5 10208
2 5609
3 654
4
4
2 28106
3 31038
5 3226
1 18703
1 9193
5 5538
1 13140
1 8769
1 29234
2 19891
3 15063
3 28897
5 57
4
4
5 27421
5 31822
5 57
1 767
1 14229
4
2 18124
1 19131
1 18409
2 8438
1 8389
5 1646
4
1 30438
1 1166
1 14536
2 31241
5 4482
1 16102
1 29304
3 30962
1 8526
5 3389
1 28019
2 3251
1 11433
5 21098
5 7699
4
5 8907
2 879
2 7997
3 12896
5 57
5 15321
5 21625
1 6477
2 23302
2 9114
1 6131
5 5997
4
1 17254
2 29054
4
5 7110
5 4780
5 14558
2 18274
5 82
5 5006
3 6131
2 17894
1 28005
5 21199
4
1 11368
1 102
2 8556
1 21246
5 57
4
4
2 27903
1 9200
2 4683
1 409
5 3399
3 30452
5 23833
2 18908
2 7770
1 5376
1 17695
4
5 14337
5 10365
1 9208
1 8737
1 13971
1 2279
1 13945
3 6744
2 28137
1 24935
1 504
5 16444
1 2658
2 16952
1 6426
5 12322
5 22718
3 13667
3 14216
5 10216
4
1 13564
1 29304
3 13978
5 3620
4
2 10822
4
5 16377
2 17105
3 2108
1 11004
5 57
3 1380
2 23335
2 17986
3 8124
1 7655
4
1 5283
1 220
5 77
2 5760
2 27623
2 24617
5 17600
5 1962
5 1545
2 17812
2 4266
4
2 14264
5 22043
3 31654
5 9179
1 22316
5 19894
5 13581
5 27116
2 12984
2 16166
5 27419
3 9661
5 9118
4
1 57
4
5 18842
2 21039
1 13902
2 2562
1 27463
1 25219
4
5 9102
1 20994
2 31631
3 20539
3 24477
2 23956
5 4938
5 28180
4
5 8291
2 8748
4
5 6482
1 3411
5 8155
1 2817
3 26854
1 20994
1 3646
1 27463
5 29576
5 902
1 7783
5 20466
1 32081
1 10126
1 7958
4
5 31007
5 2728
1 18703
2 15843
