973 1686
1 373 3614
1 387 12406
1 468 26524
1 698 3065
2 26 2186
3 20 18204
3 563 22761
3 705 22213
3 877 28479
4 393 19144
4 626 4983
5 29 26446
5 286 3957
5 841 14634
5 947 11451
6 81 4027
6 365 2709
6 492 26929
6 890 30608
7 783 12730
7 866 31361
8 100 13530
8 397 13646
8 462 5836
8 712 11566
8 780 8699
8 929 11016
9 95 1082
9 109 23214
9 696 18861
9 772 2082
9 833 9845
9 931 32427
9 953 20320
10 32 17325
10 184 7283
10 190 29135
10 304 4332
10 378 9484
10 787 13883
10 946 28838
11 692 11420
12 231 10081
12 426 28803
13 99 2874
13 192 30257
13 771 1509
13 880 21136
14 396 3468
14 532 23788
14 547 19627
15 318 28044
15 643 1338
15 746 15851
16 688 20123
17 220 30501
18 225 2153
18 265 31408
18 318 7846
18 950 26311
18 958 18079
19 583 25614
19 717 23342
20 113 20104
20 310 9397
20 342 9417
20 496 16777
20 753 20214
20 771 11704
21 31 816
21 179 9381
21 370 22213
21 737 25306
22 141 3499
23 52 22639
23 85 29032
23 348 9030
23 399 25350
23 415 8712
23 548 5838
23 688 10367
24 76 30555
24 548 12905
25 71 8916
25 93 27194
25 159 17982
25 520 18780
25 844 31913
26 402 25743
27 36 31006
27 750 11836
28 105 25323
28 143 7458
28 360 9285
28 544 29720
28 806 21330
28 886 9522
29 377 2029
29 522 13065
29 531 27569
29 653 27168
30 251 29477
30 399 26084
30 862 15783
30 902 9032
31 300 22092
31 335 1915
31 363 24396
31 597 9639
32 338 22717
32 695 16026
32 800 7509
33 101 29979
33 126 31712
33 251 29049
33 762 11759
34 114 17337
34 428 6185
34 892 8799
35 374 9541
35 404 4175
35 699 20177
35 729 1997
36 368 13690
36 777 138
37 176 18457
37 539 7327
37 738 30144
38 485 1874
38 541 15459
38 584 18946
38 661 3441
38 680 26960
39 379 10924
39 590 20160
39 906 29954
40 480 9496
40 700 11285
40 816 23336
40 907 13175
40 956 6738
41 204 12870
41 778 29090
41 839 23363
42 183 22304
43 297 28506
43 408 4082
43 965 12641
44 233 26368
44 259 30648
44 760 1669
45 304 1469
45 947 11212
46 231 25804
46 375 29132
46 547 16968
46 641 29490
46 707 25859
47 289 25996
47 367 3050
47 545 4506
47 956 25478
48 451 28413
48 507 12157
48 547 32065
49 712 10742
49 865 21282
50 363 23640
50 376 29557
50 431 31723
50 687 15722
51 378 774
51 613 17601
51 689 18704
51 692 8082
51 855 30303
52 216 25307
52 385 13349
52 478 30653
52 671 19708
52 954 9918
53 115 4619
53 474 22111
53 795 6662
53 946 19802
54 87 17317
54 129 24664
54 178 32459
54 269 25006
54 283 10995
54 743 8278
54 941 3013
55 305 31293
55 785 17302
55 806 1177
55 917 14429
56 546 11284
56 634 20250
56 641 26928
57 114 12835
58 116 4
58 901 13287
59 443 25321
59 507 31947
59 698 26246
59 834 20638
59 931 23331
60 100 10920
60 514 8649
61 70 5727
61 305 29735
62 94 6002
62 220 8421
62 282 23621
62 436 30316
62 444 2470
62 875 19826
63 565 25852
63 592 15392
63 682 15126
63 906 14634
64 274 19287
64 436 30257
64 570 31947
64 783 1827
65 547 4630
66 470 14253
66 525 13223
66 644 25006
67 908 9569
68 310 15860
68 383 9077
68 924 9228
69 641 20308
69 802 23424
69 857 24190
70 304 7480
70 545 3799
70 617 26988
70 737 13580
70 935 20485
70 939 18952
71 511 1807
71 720 2738
71 725 19462
71 907 5398
72 306 24852
72 320 21433
72 692 19137
73 380 7609
73 763 25143
73 790 20534
73 886 21096
74 174 26758
74 709 26174
75 109 4283
75 613 9871
76 208 23809
77 606 9431
78 163 22312
78 230 22734
78 278 14159
78 283 13589
78 664 30532
78 813 11305
78 904 5792
79 352 6281
79 510 31182
79 813 1000
79 852 29832
80 390 29359
80 393 6512
80 814 16232
80 963 20271
81 647 15136
81 652 682
82 93 25893
82 404 22170
82 802 18066
82 938 3644
83 558 28458
83 628 29135
83 925 19973
84 503 13283
84 824 10351
84 918 12832
85 951 26680
85 957 19636
86 394 24781
87 320 2119
87 485 26076
87 615 30291
88 912 3410
89 320 23507
89 338 25501
89 547 25798
89 858 14501
90 126 12641
90 501 2943
90 554 5866
91 320 7014
91 891 28838
92 379 8147
92 598 15869
92 751 10851
92 799 10512
93 130 6034
93 152 31814
93 663 3320
93 854 11522
94 265 3627
95 117 9286
95 417 14037
95 470 11319
95 590 11532
95 932 21593
96 487 18335
96 968 10530
97 390 31489
97 498 6144
97 749 17389
98 185 30349
98 406 4745
98 570 31875
98 619 25524
98 809 7742
99 250 2983
99 845 137
100 155 19286
101 536 9398
102 134 26806
102 247 12156
102 266 22997
102 834 15630
103 308 9673
103 506 15410
103 644 19997
103 716 21323
103 809 31711
104 315 8439
104 396 25260
104 552 7401
104 561 31578
104 717 310
104 723 19141
105 520 1488
105 654 28938
105 795 16353
105 797 28032
105 891 13927
106 331 13203
106 682 22478
106 911 4496
106 946 6720
107 457 16527
107 579 29529
107 722 8869
107 757 5748
108 315 30332
108 658 29707
109 195 25499
109 662 29097
109 708 8465
110 738 30197
110 774 10118
111 153 5312
111 390 29644
111 452 22964
111 692 8642
111 715 4640
111 950 31573
112 559 24019
112 864 23846
113 670 390
113 698 14455
114 277 20584
114 581 6423
114 756 20243
114 786 9397
115 320 28046
115 322 20170
115 670 32252
116 125 16355
116 142 5930
116 198 7569
116 260 14931
116 263 26637
116 379 7295
116 449 3608
116 543 12285
116 548 19617
116 615 4154
116 700 739
116 746 1758
116 806 16524
116 857 12015
117 963 27085
118 255 29779
118 435 21894
118 634 1261
118 844 10590
119 211 1192
119 244 26145
120 138 16877
120 833 4847
121 184 8118
121 279 31351
121 403 7880
122 278 7697
122 662 16228
122 853 21242
123 259 18747
123 905 12199
124 569 25037
124 865 18511
125 296 28994
125 490 17706
125 494 31930
125 505 3215
125 779 13983
125 795 31954
125 818 11787
125 847 11916
126 612 22817
126 642 12983
126 886 22686
127 378 27626
127 402 16957
127 559 22613
127 860 20349
128 590 16138
128 642 12733
128 936 3862
130 232 28359
130 387 3047
130 843 10301
131 679 664
132 612 2165
132 691 19559
133 755 370
134 229 8752
134 755 24436
135 452 31683
135 559 10729
135 721 2229
136 492 19570
136 857 13229
137 805 9201
137 848 4720
137 953 15988
138 235 13476
138 292 2069
138 365 2340
138 580 20001
138 590 1436
138 953 24647
139 207 11453
139 317 1710
139 384 10739
139 405 4283
140 213 23120
140 482 6872
140 589 31104
140 660 11067
140 673 20412
140 744 27292
140 788 19008
140 832 13810
140 924 20689
141 536 15335
141 938 24300
142 148 27460
142 188 19578
142 239 32652
142 290 5803
142 701 16877
143 558 7535
144 206 22668
144 313 25058
145 899 30566
145 964 30697
146 247 24043
146 365 11717
146 540 22264
146 601 32193
146 621 13236
146 922 4187
147 345 13498
147 562 3709
147 907 23076
148 445 26820
148 548 8084
148 630 17773
149 540 32417
149 552 10684
150 250 27845
150 364 7300
150 456 8731
150 645 4252
150 697 23707
150 758 6541
150 940 18499
151 890 30878
151 928 24392
154 546 31776
155 452 7269
156 194 8616
156 202 3821
156 398 1673
156 511 281
156 540 18698
156 725 846
157 603 25002
157 918 14166
158 429 4614
158 918 8810
159 310 29577
160 900 27732
160 954 26505
161 286 2148
161 480 32412
161 506 16604
161 632 28802
162 174 31570
162 264 25785
162 345 7950
164 213 26427
164 571 14011
165 319 27439
165 387 1311
165 427 29953
165 676 29945
165 722 25512
166 547 30303
166 714 18200
167 188 8041
167 481 14975
167 780 5262
167 852 6447
167 885 1322
168 538 29348
168 730 27374
168 779 5279
169 219 30223
170 208 12306
170 506 22879
171 550 32089
171 729 1134
171 942 17187
172 190 25869
172 692 8022
173 522 17585
173 557 2744
173 860 30324
174 489 627
174 690 1927
174 715 5003
175 664 31808
175 783 25866
176 784 6259
176 793 13999
177 725 9232
178 224 21449
178 530 17874
178 592 6298
178 595 19154
178 595 1821
178 705 19608
178 742 28975
178 818 29193
179 212 30605
179 223 30073
180 215 29339
180 399 14929
180 516 11671
180 615 31531
181 247 20633
181 503 31919
182 602 29700
183 499 23924
183 666 30264
184 473 23620
186 264 19591
186 306 582
186 712 21651
186 796 32006
186 799 18081
186 876 8483
187 519 17001
187 536 28141
189 409 9045
189 438 24339
189 518 13250
189 589 26888
189 831 21788
190 264 1032
190 440 1970
190 488 13274
190 588 1458
191 296 30694
191 731 29348
191 807 23406
191 930 12434
192 510 13137
193 389 11334
193 828 9581
194 754 30287
194 866 11349
195 487 10531
195 497 639
195 497 12964
195 870 30402
196 377 16022
197 737 22812
197 765 28420
199 458 454
199 501 17450
199 675 14994
199 788 18444
200 714 14062
200 853 27303
200 968 2731
201 557 6174
201 678 14476
202 342 5305
203 256 19873
203 562 25413
203 712 19489
203 947 31216
204 373 18786
204 494 16780
204 853 24869
205 647 5767
205 686 21860
205 971 23499
206 906 26510
206 945 3638
207 255 1953
207 289 15509
207 354 8912
207 553 12867
208 572 26956
208 779 1503
209 343 952
209 761 31264
209 870 20577
210 441 17495
210 619 3374
213 298 8485
213 299 23979
213 304 14087
213 535 24391
213 697 7955
214 375 27492
214 588 14887
214 865 25081
215 454 22745
215 578 20492
215 861 23989
215 887 27574
216 677 21830
217 241 4905
217 575 25944
217 804 6385
217 863 21617
217 923 26617
218 282 4705
218 707 7265
219 676 4676
220 319 17001
220 417 28207
220 799 12703
221 605 1762
221 790 4065
221 885 30769
222 827 11921
222 941 3844
223 913 7805
224 373 31857
224 598 11817
224 668 26228
224 856 32552
224 871 23450
224 898 7217
225 279 1845
225 834 9760
226 283 16211
226 608 9468
227 291 25294
227 407 15535
227 484 28210
227 782 14006
227 823 30839
228 244 14097
228 441 2142
229 394 9808
229 405 28902
229 522 22074
229 834 8928
229 835 20608
230 462 1169
230 468 7642
231 667 13012
232 388 18365
232 425 26324
232 574 30380
233 367 19061
233 412 829
233 446 22938
233 488 582
233 837 26445
234 529 18719
234 685 2425
234 766 25662
234 817 26031
234 846 22123
235 885 2484
235 894 29539
235 913 22532
236 529 27722
236 784 23156
237 631 25266
237 929 23771
237 949 13213
237 972 357
238 239 26019
238 584 24545
238 715 19624
239 323 24408
239 477 7228
239 836 19213
240 466 23676
240 579 29776
240 804 22154
240 968 7910
242 926 8078
243 468 10512
243 949 10414
243 958 26905
244 282 18246
244 675 1066
244 680 8021
244 696 31771
244 839 890
245 656 22079
245 783 4111
245 784 13701
245 967 20731
246 895 21794
247 405 3873
247 493 22054
247 562 24876
247 699 18076
247 770 13254
247 777 29022
247 813 21932
247 831 4030
247 868 17398
248 296 18078
248 333 7135
248 347 30592
248 683 31600
248 810 18600
248 955 4115
249 359 17870
249 463 2811
249 873 17570
249 895 7235
250 392 8519
251 637 1496
251 688 12566
251 778 26387
251 964 12490
251 971 6570
252 482 23754
253 271 22504
253 377 25539
253 542 7644
254 343 11352
254 445 1057
254 532 24205
255 368 20674
255 697 25558
255 778 21157
256 313 10783
256 886 14618
256 953 30699
257 371 8871
257 459 20668
258 265 18764
258 285 31996
258 380 29093
258 498 17050
259 334 19843
260 629 25339
260 797 1531
260 951 28707
261 760 15970
262 369 15466
262 548 17754
262 604 5120
262 940 9691
263 799 30126
263 868 15447
264 481 15382
265 412 19946
266 853 5533
267 338 15964
267 662 22181
267 710 18293
267 831 1187
267 872 25707
267 950 8824
268 324 23145
268 485 26843
268 555 10587
268 942 23206
269 753 15770
269 787 29673
269 905 1244
269 911 12170
270 344 29174
270 704 2123
270 721 22445
272 360 25716
273 452 29257
273 609 29139
273 780 30167
273 828 25650
273 902 13117
274 299 21842
275 453 19095
275 645 12453
276 719 5177
276 910 25186
277 893 31835
278 339 11063
278 588 29766
278 800 30386
278 889 16203
280 289 3079
281 676 23840
282 363 15755
282 544 16583
282 565 20985
282 699 9104
282 867 12759
282 944 20824
283 459 3842
283 710 27819
283 831 22576
284 372 2420
284 770 7142
286 401 12397
287 600 2372
287 689 2668
288 445 14231
289 606 12090
289 619 15720
289 924 22599
289 935 28337
290 334 5094
290 721 20253
290 926 3301
292 329 7636
292 355 29319
292 468 5292
293 487 17519
293 923 13713
293 927 17491
294 320 6782
294 525 16270
294 532 17055
295 568 12736
295 679 32212
296 356 13393
296 645 25475
296 713 4410
296 724 22521
297 604 3081
298 756 27844
298 811 18821
300 455 8968
300 674 19147
301 330 16447
301 534 14386
302 312 25859
302 439 14200
302 479 8118
302 592 25562
302 718 3767
303 387 7004
303 564 18376
304 633 31838
304 796 15842
304 896 16974
305 566 1504
305 576 11239
306 359 14476
306 792 13684
306 865 3958
307 596 10161
307 620 19651
308 348 1710
308 566 19414
308 713 31652
308 873 27011
309 503 5388
309 860 23587
310 334 18228
310 892 32076
311 458 22354
311 617 11205
311 720 30260
312 441 25341
312 483 32596
313 609 9670
313 612 24911
313 651 31317
313 706 12576
313 765 21015
314 868 1214
314 931 4672
315 551 22414
315 590 16982
316 537 3796
316 567 31184
316 690 12141
316 756 14169
316 818 15916
318 494 6153
318 526 19061
318 637 12698
318 960 25931
319 332 4285
319 454 16857
319 868 27978
320 343 1321
320 384 17941
320 406 7942
320 943 2187
321 365 24434
321 548 30599
321 556 31046
321 638 19574
321 729 5349
321 882 15340
322 707 12474
322 836 31343
323 331 18744
323 568 4429
323 729 24981
324 407 30550
324 826 11450
325 401 4217
325 442 13412
325 587 19060
325 955 16687
326 344 21132
326 877 13551
327 806 180
328 396 31567
328 577 22967
329 549 18357
329 753 11012
329 780 5818
330 384 32004
331 391 9507
331 414 3606
331 570 24812
332 654 4250
332 666 21430
332 676 29426
333 595 26830
333 935 26615
333 966 14512
334 498 30206
334 544 29612
335 645 27708
336 614 25142
336 705 12084
337 460 16198
337 886 10034
338 615 32650
338 925 17979
339 373 30360
339 401 17111
339 505 5368
339 905 1786
340 548 16270
341 345 12318
341 461 23693
341 513 13086
341 934 12224
343 405 32054
343 569 13203
343 752 23489
344 585 9290
344 701 4739
344 948 22997
345 720 7088
345 743 5765
345 748 18400
346 431 18041
346 488 17162
346 590 13807
346 625 13678
347 477 15472
347 529 19949
349 654 10815
350 366 12642
350 371 669
350 502 26132
350 857 30277
350 910 6189
351 879 30433
352 450 15300
352 456 17941
353 925 13419
354 476 22884
354 479 4265
355 507 22312
355 563 20694
356 592 4544
356 651 9179
357 491 20987
357 491 18998
357 698 25848
358 618 27759
358 665 29800
358 722 15227
359 369 25963
359 448 9726
359 567 7937
360 907 10549
361 365 10813
361 610 19747
362 555 11546
363 569 26923
363 958 16274
364 898 1454
364 958 23418
365 502 11757
366 401 30548
366 504 20752
366 559 15170
366 958 30736
367 419 26294
367 576 17561
367 583 13722
367 832 4868
368 506 12309
368 579 18439
368 910 26119
368 929 29150
369 524 22470
369 705 27653
369 845 29337
370 871 32231
370 959 7640
372 427 17151
372 756 4725
372 864 11823
372 969 23033
373 842 15756
373 905 20018
374 386 7861
375 678 20794
375 750 10714
375 805 28492
376 391 1468
376 650 3476
378 504 4917
378 727 22450
378 949 17369
379 730 18503
379 870 31672
380 634 1662
381 916 8535
381 918 19179
382 385 14496
382 841 18652
383 740 6971
384 733 26459
384 875 22218
384 887 17234
385 608 14322
385 632 9260
385 748 7308
386 653 1864
387 616 21721
387 672 4063
387 780 27780
388 949 29460
389 427 24142
389 699 26747
389 736 11904
389 811 16305
390 815 13931
391 523 11753
391 555 21254
391 744 21312
392 563 24235
392 708 14384
393 946 19931
393 962 25409
394 606 11655
395 596 13344
395 605 22089
395 642 17517
395 662 23725
396 451 1403
396 571 8184
396 823 28911
397 585 25717
397 709 10354
397 768 7026
397 906 11316
398 596 8902
399 645 20923
399 701 27904
400 604 3908
401 417 6810
401 585 32270
402 404 23545
402 432 13043
402 563 29585
402 722 10921
402 963 10271
403 697 4501
403 734 28351
404 438 24190
406 639 14542
407 529 21245
408 631 6942
409 503 3533
409 681 8623
410 501 21014
410 885 7384
411 544 1182
411 656 4597
413 475 21692
413 627 13179
413 927 11475
414 561 10585
414 896 15595
415 598 6875
415 745 7471
415 965 17205
416 536 4188
416 780 18749
417 639 25077
418 513 24497
419 547 14432
419 798 17473
419 920 31397
420 588 7809
420 646 6834
420 743 21997
421 690 7330
422 501 66
422 541 16769
422 586 6851
422 783 18826
422 880 5055
423 496 18429
424 851 1928
425 600 23115
426 435 1109
426 719 10336
427 889 24526
430 774 32418
430 921 14795
432 507 16652
432 573 26428
432 615 21452
432 764 2422
432 965 26376
433 784 31008
433 917 2781
434 642 23673
435 553 23894
435 673 20600
435 884 24099
435 931 31789
435 972 12781
436 473 22943
436 615 26467
436 646 7077
436 663 19608
436 678 22720
436 783 26215
437 510 18674
438 646 6792
438 856 28704
439 810 28139
439 890 28429
440 460 5654
440 524 6026
441 582 31987
441 661 13649
441 926 14695
442 511 17106
443 450 27000
445 825 12857
446 813 12322
447 767 31108
448 779 23974
448 797 8851
449 783 30784
451 739 9868
451 802 17584
452 471 18570
452 886 30934
453 788 26520
454 506 30987
457 725 3149
457 825 24542
458 641 27303
460 671 22167
460 742 22888
460 939 13717
461 700 4343
461 941 12574
462 754 11301
462 906 10663
463 604 16334
463 632 1389
464 661 2567
464 805 12037
465 475 7035
465 920 2765
466 485 6730
466 519 24231
466 813 12003
467 564 24851
467 880 19262
468 645 2544
468 665 2197
468 739 5529
468 926 27885
468 940 26006
469 587 17208
470 550 13146
471 525 5847
472 679 21878
474 884 15431
476 515 12127
476 536 16059
476 744 3586
478 929 14594
478 929 9495
478 973 22827
480 482 24758
482 593 278
482 753 28027
482 920 23115
483 548 7054
484 678 12448
485 712 29263
485 829 23576
486 809 20425
486 873 5694
486 910 2628
487 511 4715
489 492 9970
489 578 5684
489 579 5577
490 516 31888
490 767 27010
492 826 8889
492 838 4142
493 604 4025
493 702 13750
493 734 10229
493 918 1826
494 563 16086
495 715 6178
495 888 7036
496 517 7651
496 688 24502
496 860 27609
497 622 12013
497 779 5629
498 538 17636
498 566 19440
498 755 3109
498 892 4064
499 543 8562
499 638 27961
499 725 9236
500 576 17015
500 749 5240
500 945 3754
501 535 2968
501 728 3122
501 888 12875
502 559 18845
502 945 25620
503 635 3980
504 866 25147
506 761 29809
506 847 30000
507 660 17385
507 779 1013
507 780 5612
508 676 12814
508 868 15635
508 914 30328
508 954 18823
509 635 12938
510 649 20935
511 595 16749
511 624 20201
512 711 6244
513 725 21986
514 556 10718
514 735 3912
514 761 23954
515 929 1235
516 807 29994
517 753 32731
518 692 29731
518 761 20620
521 562 8589
522 830 3899
522 921 16824
524 783 12130
525 658 27463
526 796 5761
526 820 30922
526 941 30426
527 967 27956
528 552 32220
528 615 2119
528 756 28386
528 968 15160
533 625 305
534 651 5571
534 779 24438
534 888 32659
535 649 22034
537 670 22654
537 776 3324
537 824 25444
539 886 5557
540 615 17719
540 647 9455
540 684 27325
540 952 29694
542 907 5356
545 547 32142
545 557 18640
545 835 28880
545 894 26940
545 897 12879
546 682 28657
546 765 16708
546 827 15555
546 852 2089
547 600 27823
547 877 3051
548 634 23063
548 746 1838
548 850 24351
549 816 11334
549 860 19687
549 882 3099
550 624 4135
551 682 29139
551 730 26394
551 758 27300
552 912 13886
554 603 19789
556 655 14970
556 784 3169
556 816 16858
556 929 10697
556 972 4370
557 781 12993
558 700 1061
558 908 21198
559 605 14310
559 697 29732
559 808 14957
560 700 20293
560 786 15174
561 610 11884
561 944 22573
562 610 10602
562 677 26566
562 885 31524
564 803 14901
564 895 14580
565 704 7478
566 884 29976
566 961 2443
567 896 16756
567 906 10017
567 939 14840
570 635 4959
570 642 28725
572 950 8837
573 695 18927
573 703 23397
574 857 20033
575 908 789
575 943 5842
576 754 19951
576 759 19322
579 963 23389
580 937 3544
581 587 12049
581 748 17279
581 935 26545
582 795 10171
583 823 12802
585 820 26511
586 759 26407
587 588 19689
587 814 23804
588 791 6062
589 747 9525
589 816 9668
590 751 25585
591 602 3570
591 698 23035
591 814 3803
593 810 5185
593 861 2477
594 821 18875
596 613 2905
596 639 10845
599 788 31260
600 895 15752
601 669 8073
601 711 8852
601 903 19413
602 746 6872
602 817 1910
603 853 9227
605 640 8026
606 623 2333
607 613 18946
607 833 15383
607 909 4524
608 778 6378
608 890 11889
609 817 18427
610 840 692
610 912 15558
610 933 11767
611 912 19359
612 652 28596
613 676 9014
613 797 28981
613 906 28110
614 655 14943
614 920 1738
615 770 16464
615 864 14300
615 884 27975
615 950 21696
616 622 32102
616 655 11410
616 818 31760
616 910 29085
618 944 25785
620 707 6379
620 930 5253
621 773 18475
621 843 18879
625 787 12584
625 842 2852
626 745 30868
627 813 26502
628 768 9493
629 959 4861
630 844 5055
630 893 23739
634 831 18791
635 866 21270
636 661 514
637 684 28421
638 879 9599
640 707 29586
640 828 3641
641 664 17286
641 895 31526
643 662 25364
645 666 6252
645 822 8381
647 817 20078
648 789 32332
650 656 2327
652 663 28824
652 813 13234
653 813 29621
653 814 12106
654 958 23677
655 657 25204
655 740 25491
655 887 20615
655 973 12637
656 821 8096
656 869 20224
659 890 3501
660 812 5802
660 835 10456
660 923 23719
661 714 28564
661 831 18614
662 719 25630
662 882 17398
662 957 12919
665 698 14033
665 790 7619
666 949 7520
667 668 18488
667 843 17159
668 731 24738
669 707 24488
669 745 6408
669 775 21213
672 832 17599
672 881 31438
673 839 28748
674 737 2252
674 809 16817
675 726 28107
675 820 31698
677 706 11694
677 854 29298
678 876 22788
679 734 13017
682 797 18026
682 848 19687
684 808 14465
685 762 16673
686 892 25588
687 751 5919
691 895 17936
693 810 233
694 863 12583
695 912 25395
695 950 13263
696 869 15147
698 723 21645
699 802 19813
699 879 20762
699 899 12995
699 900 23855
701 898 17977
702 761 26852
703 755 32303
704 881 22317
705 892 6598
708 733 28900
708 850 24737
709 741 31077
709 788 14588
709 867 26513
710 720 30059
711 780 4257
711 798 7686
712 863 11384
712 874 21301
716 739 30896
718 755 14520
724 800 30152
725 878 23814
725 901 666
726 786 9513
727 866 20804
728 859 16966
728 881 32470
729 965 10342
730 820 7955
731 734 8529
732 762 22129
733 755 19793
735 885 5952
735 936 10001
737 750 737
742 841 5303
746 819 32616
746 907 18260
751 884 21091
751 905 26473
754 973 28447
756 818 27383
756 940 4490
757 917 7045
758 859 19479
758 890 21388
759 788 27546
759 851 26641
760 848 24135
763 905 6915
766 948 8297
767 823 14455
768 780 24178
768 917 12898
768 947 23136
769 785 23738
769 910 18398
773 864 21381
773 892 19704
774 946 20992
775 927 17048
777 822 12027
778 815 3097
778 884 25983
781 820 19636
783 785 8754
783 841 5251
784 881 25198
785 815 20904
785 896 16676
785 953 19360
788 822 4188
789 858 32501
790 884 22953
793 846 13973
794 958 31203
797 883 11366
799 862 16596
801 866 8306
801 882 30245
802 823 21539
805 848 4994
807 823 1165
808 830 30963
812 859 24866
813 886 1992
813 946 9757
820 849 9458
821 929 15719
824 848 24326
825 910 13469
828 877 31995
828 880 8382
829 924 8915
833 876 27037
834 858 16208
835 955 28953
839 857 1892
840 893 22868
843 899 31811
843 935 12664
843 953 2376
845 958 8008
846 953 20681
847 972 19775
850 889 17074
852 922 12255
855 892 21018
856 873 24342
856 904 424
858 864 20593
862 886 1063
864 881 12306
864 943 173
865 945 4519
868 912 16573
868 970 26715
876 879 5384
876 931 7753
876 949 26958
881 885 13567
885 888 24588
889 950 20668
898 969 30329
900 935 20712
902 911 9785
902 958 9526
903 955 12150
905 924 23715
912 959 22808
915 962 32716
919 960 26664
926 957 27335
930 955 28144
935 951 13503
936 937 14932
937 954 16605
390 994
8 9 14 18 20 21 22 23 29 33 35 45 46 54 55 56 59 64 68 71 73 74 76 79 81 82 84 85 86 87 88 89 91 94 101 104 109 112 114 116 117 118 119 120 121 122 123 124 125 126 127 131 132 135 136 137 140 141 142 143 144 145 146 147 148 150 159 160 161 165 167 168 169 173 174 176 177 183 186 187 190 192 200 209 210 219 220 223 224 226 228 232 233 234 244 250 253 255 264 265 266 267 270 272 273 274 275 276 277 284 285 287 288 289 291 292 293 294 296 299 301 307 310 311 312 314 315 319 320 323 330 331 335 338 339 343 344 352 353 356 359 361 362 364 367 369 370 371 373 375 376 377 386 387 389 390 399 401 402 405 408 411 418 421 425 426 431 433 437 439 440 441 442 443 444 445 446 447 449 450 451 453 454 455 456 458 466 467 468 469 470 471 472 475 479 482 483 484 489 496 499 500 503 504 509 510 512 515 516 517 518 525 527 528 531 533 535 536 540 541 542 543 547 550 554 558 559 560 561 562 563 564 571 572 575 576 578 582 583 584 585 588 590 593 594 595 596 604 608 609 610 611 612 613 614 615 624 625 626 627 628 629 630 634 635 637 643 645 646 647 654 656 657 665 667 668 672 673 675 682 683 686 695 697 699 702 703 704 706 707 708 709 710 711 713 715 716 717 721 723 725 726 727 732 734 739 740 744 748 749 751 758 760 762 768 769 770 771 772 777 778 780 782 786 793 794 796 801 802 803 804 805 806 814 815 817 818 821 823 824 825 826 827 828 830 834 835 836 840 843 851 853 854 855 861 863 864 873 876 877 878 881 884 888 889 893 894 896 900 903 904 905 908 911 912 917 923 927 936 937 942 944 945 946 952 959 966 969 971 972 
903 840
837 902
160 734
491 691
255 433
297 354
388 525
459 379
121 909
393 809
661 168
941 13
279 77
450 325
754 918
264 813
596 516
784 528
837 712
308 223
898 238
115 381
71 162
36 252
727 346
145 23
859 269
78 835
877 844
111 157
126 943
909 519
356 12
522 770
480 791
679 271
873 67
312 963
197 903
959 970
348 358
13 307
935 820
398 177
692 267
383 55
765 150
586 428
786 559
373 697
908 749
760 888
118 199
81 36
524 651
142 179
265 428
759 159
280 889
900 501
497 924
366 805
438 122
449 441
612 805
189 213
337 574
24 135
928 337
406 232
405 148
370 695
255 688
356 514
109 95
246 680
189 616
668 702
85 734
649 105
948 137
961 907
124 460
240 270
803 550
518 405
423 5
510 425
165 381
234 127
635 182
363 517
108 392
744 477
245 753
432 898
715 883
633 21
911 497
576 306
601 957
782 527
98 722
438 184
250 84
664 820
352 871
610 776
661 726
897 630
421 784
616 678
219 587
548 93
358 9
864 152
622 440
752 370
206 749
32 82
552 113
164 9
296 116
317 891
61 198
588 519
688 41
454 210
836 45
261 856
275 473
310 23
918 194
800 165
776 32
462 221
865 177
333 431
757 659
168 567
545 357
475 935
87 518
804 875
151 451
493 584
121 29
699 463
352 490
205 917
493 701
674 343
107 348
669 421
50 901
161 156
176 856
371 834
805 558
583 119
363 160
840 588
897 256
619 314
772 679
5 195
868 856
244 147
216 123
863 370
260 737
675 281
727 741
283 607
132 311
373 869
852 437
398 29
311 683
575 35
266 821
461 268
120 125
699 296
933 650
423 818
214 614
114 580
458 743
62 476
764 168
417 862
753 367
747 822
535 732
135 387
532 367
47 565
586 947
369 748
154 553
20 815
560 875
811 334
649 8
383 774
158 68
645 49
300 375
364 128
414 346
817 145
167 107
1 381
23 102
474 163
392 769
832 185
289 437
549 69
414 340
793 6
891 157
22 287
422 622
493 747
24 22
911 298
408 915
439 63
303 790
638 391
397 338
620 183
247 718
697 641
883 676
684 82
271 163
779 847
547 315
622 445
354 466
969 568
329 102
379 452
9 552
175 6
587 613
571 580
907 737
52 890
364 316
272 111
66 648
284 609
514 377
716 680
42 331
921 572
737 905
258 554
235 86
664 175
535 423
745 944
705 696
646 958
841 246
590 631
386 155
778 705
574 117
930 105
244 78
385 291
556 109
734 179
701 611
484 704
511 248
733 644
281 721
313 289
473 839
260 694
246 7
298 620
730 215
608 437
452 95
585 605
443 394
650 855
94 637
908 414
285 306
291 513
212 455
466 886
780 264
9 439
265 450
147 455
772 113
573 619
699 631
206 751
807 594
360 46
275 857
322 688
636 867
965 177
674 754
578 848
747 286
98 809
627 964
318 271
584 593
178 22
644 544
167 265
208 883
346 541
755 511
667 920
211 305
257 728
464 738
124 494
112 806
949 601
169 922
177 114
779 195
598 767
514 500
133 275
226 860
655 723
326 80
25 179
615 277
727 421
269 389
561 787
31 770
258 44
246 566
69 302
121 777
566 225
794 116
88 893
558 484
177 376
956 538
687 721
31 233
543 952
54 876
87 43
725 184
400 454
832 658
372 827
359 37
605 460
933 819
21 929
60 398
914 433
2 178
115 871
259 646
326 519
43 966
165 772
281 42
711 59
558 569
779 665
141 249
461 76
293 353
268 755
887 352
821 938
914 74
295 256
622 406
859 419
52 640
321 262
86 104
686 120
882 849
76 36
438 503
39 737
781 592
197 413
113 461
275 476
586 912
644 65
196 91
196 741
468 402
738 623
26 842
641 98
287 971
570 152
690 567
376 364
636 40
154 220
88 231
505 40
686 607
894 499
100 325
445 122
334 649
635 406
712 483
739 538
740 269
740 519
120 293
100 221
643 326
832 133
344 852
294 392
565 917
817 743
894 468
643 228
232 39
550 349
248 261
677 532
574 264
13 4
309 870
948 434
209 59
10 442
162 647
565 521
142 205
811 287
630 619
959 269
26 358
367 892
413 451
625 887
322 738
422 661
644 273
893 926
630 656
337 393
211 249
108 507
564 300
341 207
377 554
468 225
465 714
948 113
451 757
632 606
458 707
775 329
958 766
395 448
192 166
572 504
314 341
200 226
314 12
160 250
643 129
8 881
951 388
928 660
390 898
564 473
48 370
886 665
833 114
386 815
41 425
169 968
19 58
958 17
389 614
399 465
88 885
293 531
167 848
862 239
642 363
822 379
420 163
854 78
894 369
674 64
604 588
815 617
600 185
88 47
757 42
532 858
702 489
567 847
287 852
682 126
743 608
306 78
178 42
503 202
920 683
284 269
620 959
341 531
514 273
665 566
5 334
697 764
652 239
580 99
158 651
8 892
326 565
85 379
471 545
632 678
446 920
4 730
21 765
158 805
886 550
88 716
556 812
722 134
838 196
244 218
517 392
411 177
412 817
72 638
129 129
96 449
702 365
500 516
346 443
710 833
681 669
155 378
850 39
440 194
595 471
948 361
409 460
234 446
798 713
370 8
152 63
677 420
760 585
654 818
93 609
182 308
251 647
877 552
240 703
690 182
329 883
696 144
421 443
741 571
754 624
900 362
821 850
611 450
100 968
166 650
965 830
973 201
12 896
512 751
282 810
339 922
857 13
887 930
422 484
941 41
275 315
831 140
101 629
400 72
248 607
844 804
682 849
964 467
823 877
367 288
841 860
550 969
177 732
191 332
221 618
820 248
741 605
750 501
69 319
265 63
853 593
483 896
800 650
643 387
65 759
686 568
716 621
887 750
276 405
360 632
198 117
400 312
51 700
149 490
172 107
56 529
372 437
584 32
521 423
820 835
395 136
209 188
281 353
260 50
634 59
385 16
328 720
961 597
755 203
973 864
393 41
662 591
938 704
895 33
937 881
706 378
331 880
474 812
481 554
189 871
798 81
771 52
527 198
932 796
290 56
430 613
690 96
686 614
516 346
353 923
129 373
487 149
120 82
262 11
567 956
909 969
757 311
205 189
307 706
973 245
397 309
817 128
268 736
679 292
777 31
345 890
673 371
702 293
423 720
459 681
45 528
714 690
915 579
483 936
93 434
807 183
655 686
356 915
536 406
570 908
539 446
160 876
500 297
887 567
367 615
857 336
938 422
822 965
138 170
647 715
882 35
161 551
396 367
692 47
897 18
948 156
322 68
222 302
749 755
301 405
147 588
751 186
344 337
538 111
626 334
901 636
30 61
85 585
22 811
399 607
36 691
120 549
112 31
172 681
208 924
151 827
686 161
254 609
794 868
114 322
783 112
953 11
16 297
627 485
663 953
159 272
126 207
973 354
310 517
127 438
494 221
17 206
747 917
645 155
212 874
496 172
715 226
701 554
653 736
270 63
972 94
530 407
16 446
220 431
410 502
710 26
905 218
487 481
474 220
101 435
665 708
689 483
622 450
205 861
694 950
390 434
642 192
914 266
130 893
99 277
35 268
132 392
648 406
836 629
741 383
881 915
586 302
328 433
177 321
659 646
147 61
450 383
437 336
906 846
801 611
279 350
476 181
655 17
505 196
372 558
256 191
886 233
922 112
58 789
61 685
531 710
879 5
232 971
559 952
260 26
43 819
433 95
233 970
812 733
508 814
10 161
401 739
439 373
301 486
526 330
770 840
80 54
146 6
841 266
337 573
524 350
300 683
553 229
480 153
644 969
2 456
384 923
712 600
52 893
494 381
124 80
607 789
42 395
638 813
465 564
170 386
519 960
754 863
665 799
856 853
637 241
847 133
156 393
160 973
403 489
293 561
481 395
546 247
55 20
780 466
530 192
210 972
515 767
469 628
138 835
125 688
841 785
261 751
283 315
423 847
379 578
379 399
29 929
374 920
895 594
852 758
551 416
707 43
313 459
78 740
295 959
382 278
495 114
616 159
785 472
323 234
696 459
55 134
404 693
289 51
892 660
104 490
362 168
690 226
536 838
817 256
231 146
241 923
943 723
643 336
21 577
729 172
596 835
166 840
45 574
242 422
857 196
300 270
144 628
607 653
678 592
880 40
962 593
676 81
144 418
273 552
623 358
660 116
142 607
839 598
629 470
282 3
762 298
540 603
84 673
969 791
399 780
382 852
272 877
185 470
456 319
695 597
332 446
209 892
877 768
854 587
947 271
900 394
455 228
493 910
370 456
442 847
204 35
317 425
849 847
562 938
159 90
402 502
813 170
819 426
297 476
190 588
78 449
366 326
916 21
113 511
226 84
708 74
419 651
964 280
173 29
472 728
676 830
435 473
821 763
832 617
611 324
398 941
400 492
308 840
57 205
867 878
851 628
941 69
272 544
910 827
937 793
620 765
955 516
458 643
396 526
602 152
298 391
20 211
718 190
823 770
186 760
615 426
848 196
729 188
95 8
943 454
315 633
805 363
796 159
