964 1333
1 60 25972
1 515 9555
1 713 942
1 718 31598
1 749 614
2 422 11674
2 631 2494
3 352 23877
3 490 5357
3 853 15331
3 919 12434
4 161 2061
4 437 27362
4 698 3316
5 363 11093
5 836 21091
5 854 7203
6 192 17645
7 339 10638
7 481 29991
7 767 2355
8 259 30218
8 476 8274
8 518 13884
8 561 5697
9 396 3066
9 816 25779
10 185 1384
10 738 24725
10 806 26262
11 569 1177
11 913 25296
12 250 20398
12 355 20080
13 86 7646
13 902 27320
13 951 20182
14 449 4880
14 540 20367
14 809 30068
15 281 15991
15 524 28769
15 744 32518
15 862 9745
15 874 13727
16 933 21257
17 374 1064
17 552 8656
18 638 10221
19 35 31034
19 922 7150
20 162 22092
20 162 24169
20 222 20455
20 647 13583
20 708 8093
20 769 23240
21 881 4936
22 153 22160
22 388 10439
22 895 26347
23 371 27459
23 780 2976
24 536 25088
24 538 12686
24 606 24609
25 320 1870
25 321 9575
25 605 17764
25 631 25678
25 755 5210
25 783 26150
25 932 15648
26 208 25554
26 261 23385
26 275 30368
26 428 32214
26 629 23108
27 625 3727
27 826 30880
28 140 9711
28 440 18582
28 485 22148
29 583 797
29 813 5921
30 210 20041
31 223 17147
31 657 15173
31 752 12540
32 557 7924
32 820 21586
33 148 28697
33 192 5715
33 531 25092
34 36 11936
34 688 32069
34 688 13492
34 703 25123
35 470 19176
35 541 30260
35 760 24236
36 227 5959
36 517 15506
36 659 955
36 756 3885
36 873 32334
36 888 32329
37 134 20679
38 315 26116
38 361 23992
39 99 19400
39 619 21011
40 175 5982
41 844 8314
42 249 20378
42 470 31261
43 49 804
43 104 832
43 153 23600
43 854 4428
43 922 13762
43 924 3215
44 155 16397
45 772 10415
45 956 29817
46 168 4024
46 628 20920
46 879 29043
46 880 9405
47 528 20377
48 216 25734
48 569 19476
49 256 18774
49 661 4110
50 358 5757
50 522 12304
51 140 2551
51 920 2601
52 238 22383
52 776 32437
52 815 6955
52 830 13583
52 915 7165
53 733 13381
53 742 15419
53 883 22931
54 105 5129
54 287 7407
54 611 23233
54 809 24449
55 159 1238
55 242 7803
55 280 25454
55 372 12033
55 523 2999
55 553 23671
55 690 29037
55 848 191
56 179 9523
56 212 5902
56 566 24421
57 284 24460
57 322 5501
58 484 21493
58 528 16764
59 167 13299
59 370 20019
59 828 27438
60 249 17538
61 450 1290
61 611 30015
62 142 24307
62 900 31322
63 178 21592
63 600 29603
64 106 23672
65 714 31573
65 738 3122
66 155 4540
67 488 8417
67 629 30132
67 963 15062
68 450 28037
68 602 3273
68 812 32708
68 906 18896
69 112 16057
69 235 13798
69 585 12395
70 119 17099
71 830 19702
71 889 19618
71 900 26863
72 386 24467
72 486 18032
73 732 13919
74 514 31204
74 766 14210
74 807 31020
75 374 30511
76 169 32493
76 420 15896
76 831 5290
76 918 10501
77 236 6385
77 322 6809
77 799 7067
78 320 24056
79 202 24363
79 818 5512
80 96 6231
80 347 22704
81 318 23144
81 414 6582
81 797 30950
82 192 3746
82 721 24254
82 744 1646
83 868 6297
84 137 16106
84 399 10588
85 294 27640
85 798 29554
86 618 705
86 747 24312
87 162 21945
87 362 18870
87 769 6651
87 881 6043
88 802 8384
89 110 30672
89 411 26259
89 844 19493
90 663 6137
91 117 15387
91 845 6631
92 130 32576
92 300 29016
92 718 22097
93 199 23709
93 252 25654
94 557 1756
94 600 24537
94 838 30707
94 899 14003
95 262 30221
95 570 24032
95 697 27552
95 924 17513
96 915 8314
97 235 21106
98 236 19855
98 252 24716
99 434 10793
99 950 13407
100 840 9543
101 173 18713
101 193 28853
101 198 9242
102 153 19257
102 588 19158
103 618 29612
103 759 3128
103 856 13600
104 410 5469
105 465 19571
105 598 3221
106 136 29746
106 430 29901
107 309 28404
107 358 3637
107 947 4988
108 251 24744
108 937 196
109 143 5279
109 218 23410
109 375 18481
111 287 10278
111 303 23893
111 436 15027
111 773 32233
111 786 32146
111 893 17879
113 426 7136
114 695 29214
114 716 27870
115 239 28783
115 728 29788
115 924 27606
115 955 10955
116 303 12549
116 810 29011
117 562 1947
117 660 11993
118 870 14202
119 165 7517
119 367 12064
120 198 8141
120 217 12414
120 293 27001
120 387 4912
120 935 9630
121 209 21374
121 905 11992
122 153 9809
122 884 21152
123 228 18158
123 374 4667
123 591 32491
123 736 4091
124 350 14682
124 604 407
125 231 12014
125 372 22511
125 449 20769
125 485 29609
125 956 23407
126 550 13402
126 748 10508
127 138 30077
127 813 31413
128 367 6755
129 305 12782
129 617 12132
129 846 31619
131 342 18246
131 768 2797
132 811 3436
132 840 18827
133 325 24843
134 267 24322
134 325 9709
134 462 15875
134 548 13731
135 255 3675
135 417 23557
135 472 17535
135 538 5460
135 885 25061
136 306 26969
136 813 503
136 833 24355
137 596 8665
138 869 17597
139 210 4954
139 244 27046
139 571 1202
139 701 10006
140 180 10152
140 568 20885
140 782 14851
141 355 19702
141 432 12698
141 674 28901
142 461 26877
142 567 19764
143 412 27513
143 421 4517
143 668 14451
143 685 8392
143 834 25767
144 389 30841
144 398 25277
145 480 21617
145 782 26757
146 399 1343
147 669 28743
148 298 27575
148 333 21710
148 337 3792
148 380 24559
148 420 28403
148 766 5985
148 874 13155
148 912 13869
149 547 18624
150 593 24894
150 843 22998
151 283 12863
151 723 32755
152 892 4564
153 480 4535
154 762 15888
155 225 19556
155 935 23919
155 960 5608
156 720 2874
157 679 11027
158 379 4558
160 585 3790
160 958 19184
161 519 17280
161 523 18643
161 739 1787
161 839 20369
162 221 10128
162 750 16636
163 807 23733
164 317 2631
164 650 16224
165 544 2144
165 606 20121
166 675 18782
166 727 11990
166 877 29773
167 321 16290
167 387 9238
168 605 15091
168 881 15752
168 883 24187
169 887 21669
170 216 13349
170 533 18647
170 949 1479
171 653 26766
171 714 2835
172 246 32
173 440 9646
173 497 19714
174 445 15264
174 534 19461
174 589 18212
174 830 32664
175 201 11032
175 481 4872
176 357 20676
177 609 2910
178 384 23900
178 388 8918
179 393 31170
180 540 15444
181 851 16866
182 298 5976
183 524 19364
183 764 11515
184 544 7886
185 577 24139
185 641 24893
185 884 32678
186 222 31099
186 390 28533
187 223 31330
187 760 31485
187 780 26062
188 496 31903
188 515 24261
188 639 4038
188 901 30947
189 402 6017
189 898 22322
189 957 24586
190 535 27029
190 951 27730
191 525 22275
192 552 1640
192 750 1361
192 953 17746
194 436 24636
195 429 788
195 566 26750
195 594 6867
196 438 13332
196 624 13863
196 794 24837
196 871 14877
196 917 25551
197 372 32070
197 581 3672
198 405 12487
198 644 23507
199 250 21731
199 497 21697
199 594 30037
200 255 20810
201 407 12779
202 218 6891
203 583 25025
204 306 23374
204 866 22397
205 694 4787
205 734 6315
206 605 31604
206 786 14718
207 352 9177
207 654 15123
207 740 3561
208 218 21429
208 250 21744
208 398 32510
208 453 32327
208 653 2015
208 675 17542
208 685 7888
208 712 10797
209 344 27681
209 504 22694
209 891 14860
210 224 2220
210 308 24364
210 413 6697
210 873 26646
210 884 30850
210 940 30880
211 351 17146
211 703 16409
211 810 4948
211 936 7008
212 213 25127
212 246 3276
212 450 19176
212 456 28537
212 461 10497
212 524 2618
213 373 21143
213 559 4897
214 949 22258
215 234 5423
216 902 23224
217 425 6959
217 437 16818
217 652 18360
217 835 31150
218 358 2690
218 391 15336
218 402 26864
218 435 8814
218 848 4298
218 873 21623
218 953 14249
219 570 10507
219 892 30918
219 898 640
220 876 11766
221 265 29683
221 881 15504
222 803 16263
222 931 20903
223 366 22257
223 367 25040
223 719 3634
223 798 20876
223 841 5001
224 269 6852
224 649 2306
224 708 8163
225 868 10909
226 305 5927
226 730 19837
227 231 27018
227 249 3415
227 362 14102
227 410 25117
227 440 11901
227 513 2834
227 573 5866
227 618 4045
227 793 16699
227 957 28215
228 541 9730
228 960 29228
228 960 31788
229 599 5772
229 618 27615
229 893 10789
230 656 3694
231 421 29672
231 693 24012
231 807 19437
231 844 20016
231 868 1774
231 911 25083
232 732 8589
232 797 4726
233 769 13072
234 723 17459
234 850 9791
235 313 1371
236 259 14966
236 300 27568
236 377 32120
236 523 17011
236 767 8188
237 478 23399
238 274 822
238 305 8811
238 447 20284
238 582 24643
238 654 28635
238 722 18885
238 731 20887
240 491 2889
240 520 30399
240 901 19849
241 926 32329
242 704 8853
243 322 8284
243 609 22615
243 858 15243
243 871 27230
245 782 13945
245 856 22303
245 936 12584
246 567 11889
246 907 18137
247 811 14052
248 886 25171
249 580 22461
249 667 296
250 472 5687
250 586 22660
250 849 26141
250 869 2484
251 408 11080
251 482 15887
251 696 20058
251 878 27710
253 415 31799
253 635 22664
253 804 20886
253 871 30740
254 629 26832
254 730 1556
255 776 123
256 582 29755
257 274 8351
257 416 31184
257 625 21480
257 673 23618
258 562 15648
258 777 23639
259 645 827
259 847 30930
260 753 11060
260 772 18512
261 324 29080
261 920 18647
262 344 10401
262 408 26052
263 844 31167
263 876 8479
264 337 9914
265 339 6528
265 462 17484
266 707 7164
266 837 21569
267 543 1461
267 718 80
268 472 30158
268 886 4276
268 900 19983
269 307 12020
269 396 4023
270 870 17299
271 442 26401
271 519 20487
272 427 29519
272 476 30757
272 787 11734
272 827 1510
272 912 28478
273 913 23608
274 388 14567
274 962 30767
276 441 13350
276 567 5087
276 803 27649
277 431 8843
277 474 17099
277 494 4820
277 543 22490
277 638 20874
278 418 29860
278 433 32361
278 452 24684
278 902 31931
278 923 17761
278 932 22085
278 952 5799
279 343 20211
279 673 12695
279 790 6490
280 725 26384
281 728 26575
281 861 22021
282 544 9892
283 335 8296
283 881 25778
284 505 22743
284 642 16442
284 677 18460
284 680 15761
284 734 24521
285 868 25738
286 302 28113
286 392 7168
286 400 2551
286 538 26669
286 828 24403
287 706 22957
287 823 18478
287 944 17381
288 572 3426
288 930 15001
289 853 8835
289 925 13225
290 481 12298
290 554 21422
291 686 22111
292 338 30844
295 406 11405
296 614 15640
297 453 3712
297 863 565
298 790 30469
299 340 14363
299 376 17034
299 814 1605
300 326 437
300 445 10652
300 507 12545
300 766 29547
300 855 6905
301 378 21759
301 939 17131
302 531 25502
303 569 19648
303 574 10316
303 933 15718
304 847 5627
305 772 10098
306 694 9744
306 724 5217
306 915 3120
307 337 22515
308 905 11718
309 677 12868
310 509 2880
311 543 12545
311 888 2876
312 746 20652
314 367 3215
315 754 32409
315 915 15243
315 955 23005
316 775 9280
317 374 27968
317 945 23926
318 353 20294
318 927 10853
319 671 22465
319 876 24980
320 676 7063
323 422 5197
323 452 19971
325 500 8884
325 527 12237
325 816 23125
326 587 27186
327 870 18407
328 474 27961
329 629 21777
330 528 10462
331 729 20890
332 620 27357
332 768 2344
332 782 16594
333 443 10300
333 700 4119
333 713 13591
333 869 26068
334 654 1453
334 880 8073
334 945 14237
336 395 25530
336 705 17166
336 889 31062
338 544 14228
338 650 6275
339 399 10302
339 464 18092
339 574 13062
341 959 15816
342 674 32008
342 761 9807
342 808 22978
342 954 23861
343 875 10363
345 583 5144
345 748 4327
345 817 11077
346 834 996
347 670 32047
347 733 803
348 765 5742
348 866 24161
348 872 27869
349 406 28117
349 558 5032
349 617 12802
349 959 622
350 690 15190
350 731 21830
350 948 32152
351 567 14477
351 578 20455
351 894 24876
352 361 9314
353 773 31575
354 454 1142
354 572 18899
354 794 739
354 854 1153
354 913 26280
355 746 23815
355 798 15657
355 864 19854
356 626 27667
356 642 12104
357 752 1639
357 924 5120
358 471 31220
358 509 20948
358 791 26113
359 390 22110
360 786 7740
361 627 5145
362 725 18136
363 621 20409
363 800 6770
364 614 9912
365 634 12564
365 642 17255
365 816 2766
366 514 9170
367 414 17375
367 550 30353
367 743 18553
367 841 3377
368 494 16044
368 603 22669
368 649 22372
368 668 21042
368 854 13478
369 578 615
369 869 18127
370 637 16338
370 832 26529
371 710 18020
372 870 24271
373 392 18284
373 600 30325
374 485 21583
374 603 24599
374 663 15501
374 796 13913
374 873 23799
376 454 30946
377 590 17904
377 962 28736
378 655 2605
379 769 4818
379 868 2347
379 964 23333
380 842 19701
381 735 16533
381 870 6773
382 580 11891
382 688 8071
383 432 23281
383 664 15976
383 676 9792
385 440 19058
385 860 21505
386 682 23410
386 868 17109
386 942 568
387 499 25202
387 602 7965
387 607 20763
388 624 7677
389 459 23711
389 652 10224
389 766 19407
389 943 15319
390 472 29364
392 713 16605
393 467 25822
393 720 12115
393 839 1112
394 544 30608
395 404 5721
395 628 3940
395 840 26398
396 452 30870
397 748 2711
398 592 24295
399 853 19323
400 407 12439
400 517 18879
401 620 3924
401 894 4731
402 526 11023
403 732 17856
404 532 31517
404 653 470
404 826 12393
404 937 15826
407 503 32122
407 617 12210
407 681 276
407 938 5662
408 497 26032
408 538 11076
408 953 7123
409 534 26933
409 833 15325
410 469 13234
410 634 7594
410 641 23716
411 620 2170
412 676 10148
414 618 7025
415 515 13822
415 717 2188
416 520 13027
416 787 13348
418 768 29613
419 944 14627
420 476 26167
420 674 14523
420 692 395
421 845 12757
422 539 6483
422 791 19465
423 436 29457
423 632 25929
423 860 1733
424 507 17538
424 768 2181
424 927 21419
425 506 18022
425 815 10428
426 597 10906
426 608 31462
426 692 12595
426 741 30203
426 770 21999
427 483 11553
430 889 15806
432 786 264
432 857 20199
434 524 16159
434 558 1720
434 835 478
434 840 28984
435 671 31108
436 549 20541
436 621 19614
436 627 3495
438 492 22642
438 623 29867
439 534 10464
439 850 20906
440 481 974
441 799 24105
442 726 27705
442 760 20185
443 513 4262
443 936 31213
444 719 21499
446 653 22856
448 642 1014
448 678 202
448 775 19055
448 880 993
451 517 3519
451 532 547
451 595 26952
451 697 1907
452 614 7938
452 859 23520
452 902 10916
453 781 1553
453 910 7994
453 960 23817
454 476 3689
454 893 17351
455 761 17657
456 639 18978
457 952 7355
458 562 26669
460 922 2030
461 465 18727
461 694 19342
463 703 29273
463 725 22788
464 511 21658
464 848 6641
466 588 17992
466 961 21195
467 554 10898
468 710 13566
469 687 793
469 814 17345
469 931 17135
470 686 7364
471 479 22695
471 651 22278
472 686 15682
472 698 27340
473 567 15932
475 644 5623
476 482 25622
476 656 30461
476 796 3329
476 930 30103
477 505 14699
477 846 2095
478 821 32377
478 868 25
480 505 11210
480 723 25384
481 799 5065
483 815 27406
484 698 18712
484 765 10871
484 802 1395
485 691 17358
486 744 16654
487 837 29311
487 871 10936
489 600 30648
489 776 29951
489 909 11304
491 531 10884
493 644 18048
494 537 8186
495 915 28341
496 564 32619
496 829 6070
496 834 23847
498 668 2455
500 558 24231
501 811 1308
502 623 16725
503 814 30179
503 893 8403
504 602 1314
504 737 3645
505 615 7244
507 798 12390
507 858 20635
508 531 8373
508 822 31437
508 890 15791
510 630 19213
510 904 26480
512 769 10157
514 680 1392
515 714 6206
516 796 23939
517 633 12632
517 798 23202
517 839 24463
517 874 28944
521 599 5401
522 814 17836
524 881 17397
525 555 11263
525 575 2121
525 924 16443
527 558 19263
527 736 30305
528 596 9300
528 797 9733
528 801 2001
529 563 28638
530 874 15765
530 879 9006
531 546 520
531 949 10204
533 577 15822
534 710 3283
536 765 25949
537 665 23530
537 696 8091
537 736 11266
537 872 32249
538 600 3086
538 601 28113
538 693 5203
539 819 23813
539 840 30567
540 558 8977
540 865 18265
542 834 6553
542 867 19078
543 904 13170
543 933 31016
543 943 20060
544 849 17927
545 670 14650
545 777 15242
547 676 20463
547 772 32090
547 921 14618
549 871 32564
550 568 10188
551 925 15858
552 845 23780
553 707 15373
556 660 17029
557 910 7320
559 878 7506
560 912 9349
561 788 14391
561 882 10053
562 614 11035
563 791 13030
565 827 4547
566 772 4259
568 666 27296
568 782 30010
568 856 142
569 720 3000
569 928 5070
574 823 8811
575 716 25041
576 615 26532
578 662 21358
579 626 6484
580 585 466
580 765 26567
580 874 26568
580 955 20352
581 669 6384
581 862 28192
582 786 27815
583 670 4931
583 708 12144
584 732 8925
585 757 7505
585 817 79
585 842 31869
587 655 24711
587 665 8520
590 963 31100
591 949 30771
595 832 27118
597 710 19195
598 773 25546
600 834 17352
600 957 17961
601 924 19038
602 619 22843
602 683 8394
602 873 25263
602 946 6657
604 654 12945
604 737 19579
604 843 29939
606 734 18473
606 928 5621
607 680 14294
608 941 5694
609 928 27474
610 701 6583
612 790 16655
613 876 29195
614 635 2371
614 914 22860
616 862 14780
616 906 19695
618 658 23683
619 715 17092
620 709 7374
620 963 25586
621 710 7503
622 656 22048
622 713 445
623 824 32160
623 883 2051
624 870 9971
625 656 28696
627 723 6473
629 937 2014
631 862 12193
632 866 15290
633 903 19104
634 749 17524
636 787 5791
637 956 23610
638 703 17354
638 888 2191
639 852 24596
639 938 21598
640 694 20790
642 924 30913
643 676 27140
645 717 31970
646 761 3753
647 683 21297
647 784 20329
647 902 23633
648 740 6680
648 852 18834
648 939 7114
651 741 6467
655 702 32385
655 834 14514
660 796 16568
662 730 1433
667 874 7806
669 843 16093
670 673 21556
671 763 5213
672 757 29627
672 861 30616
674 744 18117
677 809 6319
677 815 26196
679 768 6813
682 742 29896
682 790 7346
682 950 5702
684 911 5987
689 802 28691
690 728 26858
694 711 21586
694 823 9352
695 963 22748
699 774 26967
699 899 31014
701 794 5307
703 771 8975
703 862 28438
704 751 10884
704 812 26979
706 802 9245
707 896 11719
707 926 26060
708 960 14808
710 745 1956
710 771 16699
710 798 17414
711 836 5119
712 769 31743
712 921 19576
715 887 14737
718 830 31437
721 864 2447
722 739 15419
727 929 15439
728 851 21579
729 764 23871
729 765 8467
730 784 21388
730 801 17254
730 902 27534
730 908 17225
730 947 6452
732 772 22877
733 758 27684
733 772 256
738 932 14964
738 957 8226
742 960 15975
743 790 10776
744 765 26839
748 770 25311
749 790 10077
761 800 12245
762 787 21961
762 916 11561
765 789 22519
770 841 5247
772 783 1769
772 848 9265
774 922 5549
775 897 23850
777 792 3205
778 859 12247
779 835 29120
779 925 23385
781 877 30565
782 924 10136
782 938 30574
783 889 29989
784 942 8647
785 947 15381
787 884 139
787 893 28144
791 892 18564
792 929 19636
794 871 32678
795 962 22796
797 820 11221
797 914 15933
798 853 876
799 888 17700
799 923 18176
805 963 22468
806 925 15186
809 843 13879
811 913 10918
816 842 16798
823 840 26691
823 841 31355
823 873 19943
823 919 18348
824 930 18499
824 933 11361
825 867 19339
828 917 307
831 903 7749
832 869 10833
835 867 2958
835 915 16929
840 961 6857
844 900 5583
845 902 25763
848 871 29630
852 914 14353
863 920 10716
865 888 11918
869 881 15526
870 924 23480
873 904 11661
902 904 17266
902 924 11944
912 961 18473
920 961 16956
934 941 14916
3 971
56 606 751 
555 98
354 240
955 342
330 517
215 158
856 481
84 718
450 291
364 730
907 46
824 663
441 207
176 284
596 530
460 159
793 259
926 953
856 319
388 555
110 615
708 139
673 928
549 114
649 379
68 663
374 127
786 492
587 466
143 907
295 720
604 825
111 938
93 674
671 253
26 779
860 484
511 463
801 295
765 15
964 18
371 90
384 499
901 745
760 724
955 407
119 635
314 883
202 434
403 417
645 913
672 22
277 817
958 496
713 664
795 757
852 386
141 943
487 110
924 688
720 229
481 831
186 434
506 3
669 416
160 938
956 312
78 736
185 421
308 157
181 320
495 344
65 787
11 850
528 863
427 135
522 250
264 927
885 358
957 299
442 723
380 625
157 381
624 101
816 93
498 870
241 469
510 209
579 603
432 895
643 871
751 421
536 155
704 931
35 703
285 577
695 268
944 342
948 241
643 686
746 705
398 735
300 499
343 382
802 219
688 758
336 245
134 518
468 368
93 687
562 872
817 192
949 914
563 537
561 7
242 765
790 272
607 336
68 786
287 492
441 94
880 684
335 102
515 897
314 391
392 547
892 302
802 956
88 746
693 263
375 848
277 140
157 751
598 805
515 805
440 704
441 733
895 467
743 657
751 664
392 747
504 463
702 436
270 429
175 784
651 82
151 108
489 93
256 293
625 890
46 112
736 760
130 803
466 477
21 271
468 414
333 102
94 919
940 863
4 539
696 179
560 136
905 38
425 534
876 951
742 891
217 232
915 950
104 914
91 640
777 251
101 331
88 69
597 55
918 230
637 890
457 96
348 155
105 47
421 941
188 40
853 645
23 825
539 160
283 814
100 454
151 26
851 164
870 391
353 408
255 174
663 634
507 770
728 389
331 554
614 400
519 705
649 558
682 658
918 732
898 288
633 941
395 68
848 227
323 880
438 240
809 442
357 463
262 578
319 684
631 132
23 434
636 382
630 607
824 476
300 729
559 152
692 775
212 888
942 385
259 438
753 277
878 855
744 634
398 839
429 450
328 292
360 218
568 406
136 353
338 122
587 663
88 317
51 115
543 179
825 98
873 922
85 825
3 317
758 1
938 58
267 630
19 691
270 462
655 261
272 834
376 461
617 642
630 756
245 648
676 524
20 335
723 383
882 814
955 687
118 873
275 647
796 748
616 61
156 457
569 432
1 788
470 500
29 345
724 544
695 740
223 676
759 662
579 807
577 658
28 42
280 319
962 257
856 892
423 113
214 63
294 523
67 414
451 268
184 14
188 730
648 250
52 454
262 245
586 362
309 375
592 353
605 753
52 457
87 718
936 664
472 632
85 197
54 475
461 805
344 392
72 510
112 558
375 675
410 694
196 193
42 504
505 789
260 325
724 946
834 430
110 653
799 196
535 119
331 349
914 330
564 880
809 87
859 700
739 291
946 343
144 524
548 213
845 541
157 618
625 529
424 772
50 9
854 231
596 81
130 907
631 12
693 424
211 705
642 236
21 245
506 919
484 674
476 174
85 826
85 851
622 945
858 136
276 691
122 838
464 866
413 693
643 118
433 453
258 777
848 247
289 581
394 861
622 32
229 634
844 964
587 814
916 155
59 354
592 828
801 707
679 458
46 687
364 17
239 55
326 679
782 423
79 428
807 103
263 929
16 447
292 354
127 806
83 26
631 906
154 556
97 47
108 742
596 529
460 88
399 783
118 878
530 33
130 922
777 100
371 954
844 949
683 373
817 731
859 559
146 841
353 66
814 591
848 762
584 351
953 776
54 859
583 923
2 806
536 355
122 900
294 631
649 150
750 532
746 57
476 858
825 733
939 570
742 717
463 601
244 873
225 669
103 41
73 421
838 212
715 921
408 219
631 543
63 483
457 416
725 724
357 78
859 719
46 445
407 355
669 396
614 423
808 330
274 523
160 13
656 105
396 87
130 165
367 386
511 68
100 612
387 404
264 336
172 520
915 75
133 899
602 342
614 802
740 379
152 259
760 383
738 955
571 175
492 482
710 866
352 497
266 809
191 181
291 899
453 395
353 855
66 475
650 704
911 476
267 545
60 611
180 378
264 900
603 682
595 526
280 824
634 15
857 774
381 735
807 148
309 187
290 374
188 594
556 834
81 383
903 620
186 597
882 795
168 518
150 195
326 158
885 130
330 312
191 308
69 398
571 386
88 274
52 156
286 451
345 143
344 69
618 435
503 748
800 585
236 955
154 274
330 776
789 640
119 746
697 263
120 931
569 90
938 631
240 816
929 736
361 40
881 612
569 867
814 188
111 688
56 22
880 593
133 437
471 414
533 223
330 558
241 780
151 728
912 778
798 126
580 760
272 56
667 710
283 912
755 553
242 178
14 915
964 885
45 658
724 455
953 145
200 238
936 867
910 903
790 814
26 751
411 363
49 748
426 577
554 593
718 119
51 105
328 606
322 953
174 589
700 871
562 515
781 314
598 710
878 252
206 385
396 591
463 901
934 819
726 24
544 6
944 622
600 625
37 471
109 659
474 892
835 883
308 920
907 907
310 391
303 422
538 662
823 501
582 426
621 938
952 334
706 252
500 478
375 11
926 506
851 887
695 841
889 703
952 526
680 256
40 532
716 198
97 466
517 430
434 394
935 892
348 473
788 575
223 583
82 483
725 275
454 642
417 258
925 618
189 948
497 530
529 351
99 359
847 111
912 389
479 910
180 506
836 892
878 274
763 433
749 440
844 862
43 944
962 454
340 29
331 526
105 97
396 603
566 806
757 470
876 447
12 660
788 652
330 663
383 642
662 69
786 271
575 19
46 916
596 425
778 291
634 36
510 280
21 612
698 502
458 55
519 736
97 837
690 317
385 370
933 143
196 81
847 439
9 867
266 727
266 635
299 925
191 818
130 524
572 302
335 416
443 811
256 479
650 254
35 477
482 165
622 172
444 626
930 481
14 340
793 584
777 179
191 523
773 888
562 352
134 84
568 620
34 408
810 900
416 201
247 258
859 740
715 285
358 493
345 24
306 711
69 792
780 627
77 636
125 723
834 293
462 940
891 257
313 923
314 365
894 596
162 753
630 460
872 87
650 916
668 653
430 945
727 707
719 235
883 956
645 405
266 946
261 546
102 484
244 145
84 231
468 925
832 229
647 139
80 194
892 817
849 179
713 544
855 736
822 685
911 264
683 535
397 84
910 952
222 580
545 265
780 905
271 242
720 888
609 170
521 337
457 583
155 324
323 542
792 379
186 342
722 300
327 342
193 338
761 915
659 850
786 158
469 8
262 94
540 142
44 530
817 305
485 197
93 929
201 550
192 165
630 58
184 919
472 548
836 573
834 683
177 694
363 206
421 19
233 620
302 300
228 777
857 889
950 197
516 952
117 752
1 662
875 249
464 126
846 498
927 649
78 93
711 527
410 372
266 568
756 594
363 846
322 41
837 86
698 682
640 357
646 883
464 597
451 912
103 805
49 77
321 513
124 479
663 841
913 196
901 419
300 271
387 343
276 888
281 735
316 360
933 147
241 297
245 667
620 657
862 107
341 680
140 154
500 838
655 253
727 721
646 290
32 483
349 316
821 644
964 945
217 435
246 415
72 765
204 668
530 578
931 64
919 378
862 595
575 703
636 331
449 641
24 26
961 638
515 428
582 64
104 800
620 703
605 349
154 791
552 459
139 365
750 857
791 693
353 17
472 132
873 774
494 167
857 465
30 712
519 380
885 460
83 439
605 540
504 160
332 359
822 936
157 256
69 766
735 784
639 535
155 719
4 379
126 27
419 603
763 253
254 927
961 775
662 75
48 838
640 120
277 1
879 136
167 74
882 98
349 351
201 442
361 727
807 901
365 566
151 448
740 318
912 934
819 503
944 931
546 142
116 570
421 789
853 31
526 178
663 154
44 614
702 38
677 900
608 285
124 698
845 63
210 561
108 305
286 655
351 448
650 414
238 930
76 496
244 728
457 494
86 389
29 433
260 650
515 573
857 415
54 876
684 548
240 235
600 915
930 831
513 941
648 307
700 695
279 308
750 456
928 557
116 296
355 164
181 762
83 616
434 310
627 156
82 168
742 101
602 861
291 231
480 919
637 962
516 386
937 42
541 390
788 423
84 422
870 727
146 852
354 496
445 54
216 71
721 135
473 473
579 218
550 516
562 890
544 189
944 567
806 55
2 831
635 684
616 372
286 682
143 493
195 225
361 716
860 755
746 760
912 301
319 87
814 36
415 469
113 202
657 913
399 261
789 174
904 556
670 814
28 93
444 284
235 359
929 556
563 2
497 492
463 39
878 671
960 576
945 276
849 855
542 196
31 178
38 752
868 763
515 515
383 537
672 883
901 79
302 793
42 6
638 718
247 673
731 299
698 604
486 32
183 638
821 125
810 825
961 141
585 645
