80
80
80
30
82
80
80
45
80
2
80
22
80
80
80
80
30
80
80
80
80
80
2
80
80
80
15
80
80
80
80
80
15
80
80
80
80
15
80
80
30
80
80
80
80
80
80
80
80
80
80
80
80
80
80
89
80
80
29
80
0
0
0
52
27
52
52
52
52
52
52
0
0
0
52
1
0
52
52
0
60
52
52
27
52
52
52
0
25
52
0
52
0
0
20
0
0
52
52
0
0
0
52
52
52
0
0
52
52
52
0
0
52
52
52
0
0
52
0
52
52
52
52
0
7
0
52
0
0
52
0
52
10
27
41
0
0
0
0
52
52
7
0
0
0
0
0
52
0
52
0
0
52
0
52
0
0
75
0
47
47
69
75
40
0
0
40
0
47
0
47
0
40
0
40
40
47
0
0
0
47
47
40
0
47
0
0
0
40
38
47
0
47
0
47
47
40
75
0
47
47
47
47
47
47
47
69
40
47
47
47
0
47
69
69
0
75
0
40
40
40
0
0
47
40
0
40
0
47
47
0
0
23
20
0
0
20
20
20
47
20
36
0
20
47
20
0
0
20
47
20
47
20
20
20
20
23
20
0
0
20
20
0
20
20
20
74
20
20
20
20
20
20
20
23
20
47
0
0
74
0
20
16
20
47
20
20
20
23
0
20
20
20
20
47
20
20
77
20
20
23
20
20
0
20
47
20
47
0
47
20
20
47
5
5
0
67
67
5
5
8
8
5
24
67
24
8
24
24
24
0
0
8
0
67
0
8
0
5
24
8
67
24
0
5
24
0
24
8
5
24
5
0
0
49
0
24
24
5
5
0
24
67
8
24
0
24
5
8
58
5
8
0
24
5
8
8
0
0
8
5
24
24
24
24
49
11
24
49
0
8
0
0
0
5
5
8
5
24
5
0
24
0
5
24
5
0
5
24
24
24
24
0
0
0
0
33
0
33
0
37
0
33
80
0
0
69
33
80
0
0
0
33
33
50
0
0
37
80
33
0
0
0
33
0
0
54
0
0
0
33
33
33
33
0
69
0
0
0
0
0
33
50
0
0
33
0
0
0
0
50
37
80
0
0
0
0
33
33
0
0
0
33
50
33
0
0
0
0
0
58
0
52
0
58
58
0
0
56
0
0
58
58
58
0
58
56
0
0
0
58
0
56
0
47
56
0
0
0
0
0
56
71
56
0
58
58
56
52
0
56
58
0
58
0
58
56
52
58
58
56
58
0
0
58
39
58
0
0
58
0
58
0
58
58
56
58
56
8
0
56
58
56
0
0
0
0
0
58
52
56
0
0
58
0
0
0
58
58
58
52
58
0
0
52
52
0
0
52
0
52
15
0
7
0
52
7
0
0
52
52
15
52
0
7
25
0
0
52
0
68
7
0
0
74
7
0
52
0
0
0
0
0
0
0
34
52
33
52
52
52
0
0
74
15
52
0
0
0
52
52
0
52
52
52
7
0
7
52
0
52
0
0
52
0
0
52
0
0
74
0
0
52
62
0
0
0
0
62
56
0
0
0
78
78
62
62
56
78
56
78
0
56
62
56
0
17
62
0
62
62
0
78
78
62
0
56
78
78
62
31
78
62
56
56
78
62
56
0
56
0
62
78
78
78
56
62
0
78
0
17
17
17
17
0
17
57
59
0
0
0
57
0
0
17
38
17
17
17
17
17
0
17
0
17
0
0
57
17
59
17
59
17
17
59
0
59
17
17
59
59
0
17
57
0
0
59
17
0
0
0
17
0
0
57
17
17
0
17
17
0
59
62
17
17
17
17
0
17
17
57
17
57
0
57
0
17
0
17
17
0
17
0
24
6
0
0
6
62
17
59
0
0
0
17
