926 432
1 924
2 917
3 909
4 905
5 897
6 888
7 885
8 884
9 879
10 877
11 869
12 862
13 856
14 854
15 852
16 851
17 847
18 844
19 843
20 -1
21 839
22 830
23 825
24 822
25 814
26 805
27 796
28 793
29 792
30 791
31 782
32 777
33 770
34 768
35 759
36 755
37 749
38 747
39 741
40 735
41 733
42 731
43 725
44 719
45 710
46 708
47 702
48 696
49 691
50 684
51 678
52 669
53 -1
54 663
55 660
56 654
57 -1
58 653
59 645
60 638
61 633
62 629
63 621
64 617
65 -1
66 615
67 612
68 610
69 608
70 605
71 -1
72 596
73 594
74 -1
75 589
76 582
77 581
78 575
79 570
80 567
81 559
82 557
83 -1
84 554
85 549
86 546
87 541
88 536
89 532
90 528
91 526
92 519
93 515
94 510
95 505
96 503
97 499
98 491
99 482
100 479
101 472
102 468
103 -1
104 467
105 -1
106 464
107 460
108 452
109 -1
110 446
111 444
112 440
113 437
114 -1
115 434
116 430
117 429
118 420
119 418
120 412
121 408
122 403
123 394
124 390
125 388
126 387
127 -1
128 382
129 -1
130 377
131 374
132 372
133 371
134 365
135 363
136 354
137 349
138 345
139 343
140 337
141 334
142 329
143 322
144 321
145 316
146 -1
147 309
148 300
149 297
150 291
151 290
152 285
153 283
154 276
155 275
156 270
157 264
158 256
159 252
160 250
161 248
162 243
163 241
164 240
165 232
166 -1
167 228
168 219
169 212
170 206
171 198
172 -1
173 196
174 193
175 191
176 187
177 179
-1 178
-1 -1
180 186
-1 181
-1 182
-1 183
-1 184
-1 185
-1 -1
-1 -1
188 189
-1 -1
-1 190
-1 -1
-1 192
-1 -1
-1 194
-1 195
-1 -1
-1 197
-1 -1
199 201
-1 200
-1 -1
-1 202
203 205
-1 204
-1 -1
-1 -1
207 208
-1 -1
209 210
-1 -1
-1 211
-1 -1
213 216
214 215
-1 -1
-1 -1
-1 217
-1 218
-1 -1
220 221
-1 -1
222 226
223 225
-1 224
-1 -1
-1 -1
-1 227
-1 -1
229 231
-1 230
-1 -1
-1 -1
-1 233
234 237
235 236
-1 -1
-1 -1
238 239
-1 -1
-1 -1
-1 -1
-1 242
-1 -1
244 247
-1 245
-1 246
-1 -1
-1 -1
-1 249
-1 -1
-1 251
-1 -1
-1 253
254 255
-1 -1
-1 -1
-1 257
258 262
-1 259
-1 260
-1 261
-1 -1
-1 263
-1 -1
265 267
-1 266
-1 -1
268 269
-1 -1
-1 -1
-1 271
-1 272
-1 273
-1 274
-1 -1
-1 -1
277 280
278 279
-1 -1
-1 -1
-1 281
-1 282
-1 -1
-1 284
-1 -1
-1 286
-1 287
-1 288
-1 289
-1 -1
-1 -1
292 296
293 295
-1 294
-1 -1
-1 -1
-1 -1
-1 298
-1 299
-1 -1
301 306
302 305
303 304
-1 -1
-1 -1
-1 -1
-1 307
-1 308
-1 -1
310 313
-1 311
-1 312
-1 -1
314 315
-1 -1
-1 -1
317 318
-1 -1
-1 319
-1 320
-1 -1
-1 -1
323 325
-1 324
-1 -1
-1 326
327 328
-1 -1
-1 -1
330 333
-1 331
-1 332
-1 -1
-1 -1
-1 335
-1 336
-1 -1
338 339
-1 -1
340 341
-1 -1
-1 342
-1 -1
-1 344
-1 -1
-1 346
347 348
-1 -1
-1 -1
350 352
-1 351
-1 -1
-1 353
-1 -1
355 361
356 359
357 358
-1 -1
-1 -1
-1 360
-1 -1
-1 362
-1 -1
-1 364
-1 -1
-1 366
367 370
-1 368
-1 369
-1 -1
-1 -1
-1 -1
-1 373
-1 -1
375 376
-1 -1
-1 -1
378 379
-1 -1
-1 380
-1 381
-1 -1
383 384
-1 -1
-1 385
-1 386
-1 -1
-1 -1
-1 389
-1 -1
-1 391
392 393
-1 -1
-1 -1
395 399
396 398
-1 397
-1 -1
-1 -1
-1 400
-1 401
-1 402
-1 -1
404 407
-1 405
-1 406
-1 -1
-1 -1
-1 409
-1 410
-1 411
-1 -1
413 415
-1 414
-1 -1
416 417
-1 -1
-1 -1
-1 419
-1 -1
-1 421
422 428
423 426
424 425
-1 -1
-1 -1
-1 427
-1 -1
-1 -1
-1 -1
-1 431
432 433
-1 -1
-1 -1
435 436
-1 -1
-1 -1
-1 438
-1 439
-1 -1
441 443
-1 442
-1 -1
-1 -1
-1 445
-1 -1
-1 447
448 450
-1 449
-1 -1
-1 451
-1 -1
453 455
-1 454
-1 -1
-1 456
457 459
-1 458
-1 -1
-1 -1
461 463
-1 462
-1 -1
-1 -1
465 466
-1 -1
-1 -1
-1 -1
-1 469
470 471
-1 -1
-1 -1
473 476
-1 474
-1 475
-1 -1
-1 477
-1 478
-1 -1
480 481
-1 -1
-1 -1
483 489
484 488
-1 485
-1 486
-1 487
-1 -1
-1 -1
-1 490
-1 -1
492 497
493 494
-1 -1
-1 495
-1 496
-1 -1
-1 498
-1 -1
-1 500
501 502
-1 -1
-1 -1
-1 504
-1 -1
506 508
-1 507
-1 -1
-1 509
-1 -1
-1 511
512 514
-1 513
-1 -1
-1 -1
516 518
-1 517
-1 -1
-1 -1
520 522
-1 521
-1 -1
523 524
-1 -1
-1 525
-1 -1
-1 527
-1 -1
529 531
-1 530
-1 -1
-1 -1
-1 533
534 535
-1 -1
-1 -1
537 540
-1 538
-1 539
-1 -1
-1 -1
542 545
543 544
-1 -1
-1 -1
-1 -1
547 548
-1 -1
-1 -1
550 553
551 552
-1 -1
-1 -1
-1 -1
-1 555
-1 556
-1 -1
-1 558
-1 -1
560 565
-1 561
562 563
-1 -1
-1 564
-1 -1
-1 566
-1 -1
568 569
-1 -1
-1 -1
571 572
-1 -1
573 574
-1 -1
-1 -1
576 579
-1 577
-1 578
-1 -1
-1 580
-1 -1
-1 -1
583 587
-1 584
-1 585
-1 586
-1 -1
-1 588
-1 -1
590 593
591 592
-1 -1
-1 -1
-1 -1
-1 595
-1 -1
-1 597
598 599
-1 -1
600 603
-1 601
-1 602
-1 -1
-1 604
-1 -1
606 607
-1 -1
-1 -1
-1 609
-1 -1
-1 611
-1 -1
613 614
-1 -1
-1 -1
-1 616
-1 -1
618 619
-1 -1
-1 620
-1 -1
622 624
-1 623
-1 -1
625 627
-1 626
-1 -1
-1 628
-1 -1
-1 630
631 632
-1 -1
-1 -1
634 636
-1 635
-1 -1
-1 637
-1 -1
639 642
640 641
-1 -1
-1 -1
-1 643
-1 644
-1 -1
646 648
-1 647
-1 -1
649 651
-1 650
-1 -1
-1 652
-1 -1
-1 -1
655 657
-1 656
-1 -1
658 659
-1 -1
-1 -1
661 662
-1 -1
-1 -1
664 666
-1 665
-1 -1
-1 667
-1 668
-1 -1
670 671
-1 -1
-1 672
-1 673
-1 674
-1 675
676 677
-1 -1
-1 -1
-1 679
680 683
-1 681
-1 682
-1 -1
-1 -1
685 688
686 687
-1 -1
-1 -1
-1 689
-1 690
-1 -1
-1 692
-1 693
694 695
-1 -1
-1 -1
697 700
-1 698
-1 699
-1 -1
-1 701
-1 -1
-1 703
-1 704
705 707
-1 706
-1 -1
-1 -1
-1 709
-1 -1
-1 711
712 718
713 717
714 716
-1 715
-1 -1
-1 -1
-1 -1
-1 -1
720 722
-1 721
-1 -1
-1 723
-1 724
-1 -1
726 728
-1 727
-1 -1
-1 729
-1 730
-1 -1
-1 732
-1 -1
-1 734
-1 -1
-1 736
737 740
738 739
-1 -1
-1 -1
-1 -1
742 746
743 745
-1 744
-1 -1
-1 -1
-1 -1
-1 748
-1 -1
750 754
751 752
-1 -1
-1 753
-1 -1
-1 -1
-1 756
757 758
-1 -1
-1 -1
760 765
-1 761
-1 762
-1 763
-1 764
-1 -1
766 767
-1 -1
-1 -1
-1 769
-1 -1
771 773
-1 772
-1 -1
-1 774
775 776
-1 -1
-1 -1
-1 778
779 780
-1 -1
-1 781
-1 -1
783 786
784 785
-1 -1
-1 -1
-1 787
-1 788
-1 789
-1 790
-1 -1
-1 -1
-1 -1
794 795
-1 -1
-1 -1
797 799
-1 798
-1 -1
800 802
-1 801
-1 -1
-1 803
-1 804
-1 -1
-1 806
807 812
-1 808
809 811
-1 810
-1 -1
-1 -1
-1 813
-1 -1
-1 815
-1 816
817 821
818 819
-1 -1
-1 820
-1 -1
-1 -1
-1 823
-1 824
-1 -1
826 828
-1 827
-1 -1
-1 829
-1 -1
831 837
832 835
-1 833
-1 834
-1 -1
-1 836
-1 -1
-1 838
-1 -1
840 842
-1 841
-1 -1
-1 -1
-1 -1
-1 845
-1 846
-1 -1
-1 848
-1 849
-1 850
-1 -1
-1 -1
-1 853
-1 -1
-1 855
-1 -1
857 859
-1 858
-1 -1
-1 860
-1 861
-1 -1
863 867
864 866
-1 865
-1 -1
-1 -1
-1 868
-1 -1
870 875
871 872
-1 -1
-1 873
-1 874
-1 -1
-1 876
-1 -1
-1 878
-1 -1
880 883
-1 881
-1 882
-1 -1
-1 -1
-1 -1
-1 886
-1 887
-1 -1
-1 889
890 893
891 892
-1 -1
-1 -1
-1 894
895 896
-1 -1
-1 -1
898 902
-1 899
-1 900
-1 901
-1 -1
-1 903
-1 904
-1 -1
906 908
-1 907
-1 -1
-1 -1
910 911
-1 -1
912 913
-1 -1
-1 914
915 916
-1 -1
-1 -1
918 919
-1 -1
920 921
-1 -1
922 923
-1 -1
-1 -1
-1 925
-1 -1
