950 206
1 944
2 938
3 936
4 930
5 923
6 920
7 917
8 912
9 907
10 900
11 899
12 895
13 886
14 -1
15 885
16 877
17 872
18 866
19 863
20 862
21 859
22 856
23 853
24 848
25 -1
26 842
27 836
28 835
29 -1
30 833
31 829
32 823
33 814
34 811
35 803
36 802
37 797
38 790
39 788
40 -1
41 787
42 780
43 779
44 774
45 772
46 763
47 759
48 752
49 749
50 742
51 733
52 724
53 719
54 716
55 713
56 -1
57 -1
58 708
59 703
60 701
61 -1
62 694
63 692
64 687
65 680
66 -1
67 671
68 663
69 662
70 657
71 654
72 648
73 644
74 635
75 629
76 622
77 -1
78 616
79 612
80 608
81 603
82 596
83 591
84 583
85 579
86 -1
87 572
88 564
89 556
90 -1
91 548
92 542
93 537
94 -1
95 530
96 522
97 518
98 513
99 504
100 502
101 496
102 493
103 491
104 485
105 482
106 481
107 478
108 477
109 472
110 464
111 459
112 453
113 445
114 440
115 433
116 432
117 426
118 417
119 409
120 -1
121 401
122 400
123 398
124 396
125 395
126 -1
127 392
128 -1
129 387
130 386
131 382
132 380
133 -1
134 378
135 371
136 366
137 358
138 357
139 354
140 348
141 -1
142 341
143 335
144 327
145 326
146 317
147 315
148 306
149 302
150 301
151 300
152 295
153 288
154 281
155 279
156 271
157 267
158 266
159 258
160 250
161 241
162 236
163 233
164 232
165 230
166 221
167 218
168 -1
169 215
170 214
171 210
172 204
173 199
174 195
175 186
176 184
177 181
178 180
-1 179
-1 -1
-1 -1
-1 182
-1 183
-1 -1
-1 185
-1 -1
187 193
188 192
189 190
-1 -1
-1 191
-1 -1
-1 -1
-1 194
-1 -1
196 197
-1 -1
-1 198
-1 -1
200 202
-1 201
-1 -1
-1 203
-1 -1
205 209
206 208
-1 207
-1 -1
-1 -1
-1 -1
211 213
-1 212
-1 -1
-1 -1
-1 -1
216 217
-1 -1
-1 -1
-1 219
-1 220
-1 -1
222 225
-1 223
-1 224
-1 -1
-1 226
227 229
-1 228
-1 -1
-1 -1
-1 231
-1 -1
-1 -1
234 235
-1 -1
-1 -1
237 238
-1 -1
-1 239
-1 240
-1 -1
242 244
-1 243
-1 -1
-1 245
246 248
-1 247
-1 -1
-1 249
-1 -1
251 254
252 253
-1 -1
-1 -1
255 256
-1 -1
-1 257
-1 -1
259 264
260 262
-1 261
-1 -1
-1 263
-1 -1
-1 265
-1 -1
-1 -1
268 269
-1 -1
-1 270
-1 -1
272 275
-1 273
-1 274
-1 -1
276 278
-1 277
-1 -1
-1 -1
-1 280
-1 -1
282 284
-1 283
-1 -1
-1 285
286 287
-1 -1
-1 -1
289 294
290 292
-1 291
-1 -1
-1 293
-1 -1
-1 -1
-1 296
297 298
-1 -1
-1 299
-1 -1
-1 -1
-1 -1
-1 303
304 305
-1 -1
-1 -1
307 313
-1 308
309 311
-1 310
-1 -1
-1 312
-1 -1
-1 314
-1 -1
-1 316
-1 -1
-1 318
319 323
320 321
-1 -1
-1 322
-1 -1
324 325
-1 -1
-1 -1
-1 -1
328 330
-1 329
-1 -1
331 333
-1 332
-1 -1
-1 334
-1 -1
336 339
337 338
-1 -1
-1 -1
-1 340
-1 -1
342 344
-1 343
-1 -1
345 346
-1 -1
-1 347
-1 -1
349 351
-1 350
-1 -1
-1 352
-1 353
-1 -1
355 356
-1 -1
-1 -1
-1 -1
359 365
360 361
-1 -1
362 364
-1 363
-1 -1
-1 -1
-1 -1
367 369
-1 368
-1 -1
-1 370
-1 -1
372 374
-1 373
-1 -1
375 377
-1 376
-1 -1
-1 -1
-1 379
-1 -1
-1 381
-1 -1
383 385
-1 384
-1 -1
-1 -1
-1 -1
-1 388
389 391
-1 390
-1 -1
-1 -1
393 394
-1 -1
-1 -1
-1 -1
-1 397
-1 -1
-1 399
-1 -1
-1 -1
402 407
403 404
-1 -1
-1 405
-1 406
-1 -1
-1 408
-1 -1
410 411
-1 -1
412 416
-1 413
414 415
-1 -1
-1 -1
-1 -1
418 422
419 420
-1 -1
-1 421
-1 -1
423 424
-1 -1
-1 425
-1 -1
427 430
-1 428
-1 429
-1 -1
-1 431
-1 -1
-1 -1
434 436
-1 435
-1 -1
-1 437
-1 438
-1 439
-1 -1
-1 441
-1 442
443 444
-1 -1
-1 -1
446 447
-1 -1
448 452
-1 449
-1 450
-1 451
-1 -1
-1 -1
454 458
-1 455
-1 456
-1 457
-1 -1
-1 -1
460 463
-1 461
-1 462
-1 -1
-1 -1
-1 465
466 467
-1 -1
-1 468
469 471
-1 470
-1 -1
-1 -1
473 476
-1 474
-1 475
-1 -1
-1 -1
-1 -1
479 480
-1 -1
-1 -1
-1 -1
483 484
-1 -1
-1 -1
486 489
-1 487
-1 488
-1 -1
-1 490
-1 -1
-1 492
-1 -1
494 495
-1 -1
-1 -1
-1 497
-1 498
499 501
-1 500
-1 -1
-1 -1
-1 503
-1 -1
505 512
506 507
-1 -1
-1 508
509 511
-1 510
-1 -1
-1 -1
-1 -1
-1 514
515 516
-1 -1
-1 517
-1 -1
519 520
-1 -1
-1 521
-1 -1
523 528
524 525
-1 -1
-1 526
-1 527
-1 -1
-1 529
-1 -1
531 534
-1 532
-1 533
-1 -1
-1 535
-1 536
-1 -1
-1 538
-1 539
540 541
-1 -1
-1 -1
-1 543
544 546
-1 545
-1 -1
-1 547
-1 -1
549 553
-1 550
551 552
-1 -1
-1 -1
554 555
-1 -1
-1 -1
-1 557
558 561
559 560
-1 -1
-1 -1
-1 562
-1 563
-1 -1
565 566
-1 -1
567 570
568 569
-1 -1
-1 -1
-1 571
-1 -1
573 577
-1 574
575 576
-1 -1
-1 -1
-1 578
-1 -1
-1 580
581 582
-1 -1
-1 -1
-1 584
585 588
-1 586
-1 587
-1 -1
-1 589
-1 590
-1 -1
592 595
-1 593
-1 594
-1 -1
-1 -1
597 600
-1 598
-1 599
-1 -1
601 602
-1 -1
-1 -1
604 607
605 606
-1 -1
-1 -1
-1 -1
609 611
-1 610
-1 -1
-1 -1
613 615
-1 614
-1 -1
-1 -1
617 619
-1 618
-1 -1
-1 620
-1 621
-1 -1
623 624
-1 -1
625 628
626 627
-1 -1
-1 -1
-1 -1
630 633
631 632
-1 -1
-1 -1
-1 634
-1 -1
636 641
637 638
-1 -1
639 640
-1 -1
-1 -1
-1 642
-1 643
-1 -1
645 646
-1 -1
-1 647
-1 -1
649 653
650 652
-1 651
-1 -1
-1 -1
-1 -1
655 656
-1 -1
-1 -1
658 660
-1 659
-1 -1
-1 661
-1 -1
-1 -1
664 670
665 667
-1 666
-1 -1
-1 668
-1 669
-1 -1
-1 -1
672 678
673 677
-1 674
675 676
-1 -1
-1 -1
-1 -1
-1 679
-1 -1
681 682
-1 -1
683 684
-1 -1
685 686
-1 -1
-1 -1
688 691
-1 689
-1 690
-1 -1
-1 -1
-1 693
-1 -1
695 697
-1 696
-1 -1
698 700
-1 699
-1 -1
-1 -1
-1 702
-1 -1
704 705
-1 -1
-1 706
-1 707
-1 -1
709 711
-1 710
-1 -1
-1 712
-1 -1
-1 714
-1 715
-1 -1
-1 717
-1 718
-1 -1
720 721
-1 -1
-1 722
-1 723
-1 -1
725 730
-1 726
-1 727
-1 728
-1 729
-1 -1
731 732
-1 -1
-1 -1
734 737
735 736
-1 -1
-1 -1
738 739
-1 -1
740 741
-1 -1
-1 -1
743 746
-1 744
-1 745
-1 -1
-1 747
-1 748
-1 -1
750 751
-1 -1
-1 -1
-1 753
754 758
755 757
-1 756
-1 -1
-1 -1
-1 -1
-1 760
-1 761
-1 762
-1 -1
764 769
765 768
766 767
-1 -1
-1 -1
-1 -1
-1 770
-1 771
-1 -1
-1 773
-1 -1
775 776
-1 -1
-1 777
-1 778
-1 -1
-1 -1
781 782
-1 -1
783 785
-1 784
-1 -1
-1 786
-1 -1
-1 -1
-1 789
-1 -1
791 792
-1 -1
793 796
794 795
-1 -1
-1 -1
-1 -1
798 799
-1 -1
800 801
-1 -1
-1 -1
-1 -1
804 805
-1 -1
806 807
-1 -1
808 810
-1 809
-1 -1
-1 -1
-1 812
-1 813
-1 -1
815 820
816 817
-1 -1
-1 818
-1 819
-1 -1
-1 821
-1 822
-1 -1
-1 824
825 828
826 827
-1 -1
-1 -1
-1 -1
830 832
-1 831
-1 -1
-1 -1
-1 834
-1 -1
-1 -1
837 840
838 839
-1 -1
-1 -1
-1 841
-1 -1
843 846
844 845
-1 -1
-1 -1
-1 847
-1 -1
849 852
850 851
-1 -1
-1 -1
-1 -1
854 855
-1 -1
-1 -1
-1 857
-1 858
-1 -1
-1 860
-1 861
-1 -1
-1 -1
-1 864
-1 865
-1 -1
-1 867
868 870
-1 869
-1 -1
-1 871
-1 -1
873 874
-1 -1
875 876
-1 -1
-1 -1
878 882
879 881
-1 880
-1 -1
-1 -1
883 884
-1 -1
-1 -1
-1 -1
-1 887
888 893
889 890
-1 -1
891 892
-1 -1
-1 -1
-1 894
-1 -1
-1 896
897 898
-1 -1
-1 -1
-1 -1
901 906
902 905
903 904
-1 -1
-1 -1
-1 -1
-1 -1
-1 908
909 911
-1 910
-1 -1
-1 -1
913 916
-1 914
-1 915
-1 -1
-1 -1
-1 918
-1 919
-1 -1
-1 921
-1 922
-1 -1
924 929
925 928
-1 926
-1 927
-1 -1
-1 -1
-1 -1
931 932
-1 -1
-1 933
-1 934
-1 935
-1 -1
-1 937
-1 -1
939 943
-1 940
941 942
-1 -1
-1 -1
-1 -1
945 947
-1 946
-1 -1
948 949
-1 -1
-1 -1
