10
71 77
2 1
2 56
2 33
3 51
3 21
4 53
4 46
4 70
4 26
4 65
5 43
5 37
5 62
5 55
5 68
5 69
5 17
5 19
6 31
6 22
7 9
9 60
10 23
10 58
10 63
16 18
16 4
16 5
16 2
16 25
18 38
18 27
22 48
27 12
37 13
37 20
37 24
37 14
38 54
38 49
38 36
39 15
40 66
40 32
40 45
40 35
40 30
43 52
43 3
44 28
48 11
49 39
50 10
50 6
50 8
50 71
50 42
55 47
55 7
59 16
59 50
59 40
62 34
62 64
62 57
62 44
64 61
66 41
66 67
66 29
56 45
23 31
31 37
48 2
30 6
55 19
2 20
35 50
49 21
70 4
54 67
34 51
57 31
69 36
61 17
37 53
21 47
69 58
58 15
53 46
5 64
5 21
64 68
36 14
35 57
39 68
49 16
15 6
52 21
63 66
61 32
28 46
23 31
61 61
24 34
10 17
57 64
10 28
54 23
15 62
12 48
2 56
32 11
27 60
33 32
8 24
34 51
59 23
67 10
28 29
66 32
56 65
16 9
1 43
14 25
36 2
17 55
11 18
18 1
47 61
15 67
65 71
26 23
14 43
6 25
6 5
42 67
9 23
54 11
42 24
34 16
50 2
4 30
22 28
67 49
14 5
47 53
90 89
4 66
4 10
4 7
4 71
4 24
4 76
4 54
4 39
4 46
4 22
4 15
4 18
4 11
4 38
4 29
7 80
10 41
10 33
10 77
10 23
10 52
10 83
10 79
10 34
10 6
10 3
10 8
10 57
10 5
10 82
10 61
10 67
12 32
19 84
19 47
20 62
27 25
36 81
39 37
40 65
41 50
41 90
41 56
41 51
41 64
41 16
41 68
41 9
41 86
41 58
41 42
41 13
41 30
43 19
45 72
54 75
54 78
54 87
54 35
54 89
54 59
55 36
56 31
60 48
60 4
60 74
60 12
60 69
60 27
60 85
65 21
71 45
71 20
71 88
71 63
71 2
71 28
71 70
71 26
71 53
74 55
74 43
74 40
74 17
74 1
74 44
74 73
76 14
80 49
27 13
14 19
17 48
74 88
53 71
58 30
29 39
33 25
40 65
20 33
83 34
66 41
8 27
6 49
24 48
52 38
2 51
37 70
44 64
39 24
46 8
54 45
1 77
18 12
6 4
45 88
61 84
44 50
90 73
29 41
5 10
34 7
74 78
37 65
62 59
6 16
24 86
22 77
74 46
64 68
26 38
40 85
4 82
63 48
77 64
65 76
84 1
58 45
54 54
46 81
52 23
5 45
13 32
8 67
29 27
77 41
68 62
72 73
42 49
1 58
82 48
28 39
54 53
67 67
83 61
90 35
55 85
16 88
21 84
79 39
1 63
15 20
11 82
29 23
55 21
88 36
32 81
5 43
42 27
71 35
46 33
16 65
19 27
40 7
54 50
75 74
32 48
34 4
84 50
92 61
3 78
4 54
5 50
5 36
5 15
5 23
5 32
5 8
5 76
10 14
11 67
11 40
11 10
11 47
11 29
11 27
11 90
11 20
11 86
11 25
11 38
15 17
15 85
15 65
15 6
16 64
17 55
17 28
17 21
18 45
23 61
28 70
32 88
32 12
34 33
36 18
40 82
40 63
40 7
41 53
41 51
41 34
41 60
41 89
41 42
41 56
41 68
41 13
41 44
41 43
49 5
49 72
49 41
49 84
49 69
49 26
49 1
49 71
49 74
49 59
49 48
50 66
50 16
50 75
51 91
51 58
51 3
51 57
51 30
51 22
52 39
52 83
53 52
53 81
54 37
55 24
60 35
65 2
67 80
67 73
67 62
69 4
69 46
69 31
72 11
80 77
84 87
84 9
85 19
85 79
91 92
71 79
19 14
37 67
36 2
29 12
15 43
13 43
16 48
80 77
42 57
26 59
28 57
1 90
91 21
52 5
65 1
2 45
68 61
78 65
18 79
44 38
11 71
54 48
3 79
80 18
54 89
40 38
62 33
10 20
72 59
15 37
13 73
65 27
42 80
31 79
61 29
72 6
90 78
9 36
74 2
58 34
67 5
22 65
25 83
40 36
4 16
64 43
65 8
78 16
29 8
27 26
87 36
13 19
37 58
30 90
46 7
92 70
82 66
11 30
31 10
86 33
79 52
1 13
1 19
4 57
5 7
5 32
5 76
5 41
5 4
6 42
6 77
6 17
6 66
7 73
7 18
7 56
7 46
7 15
7 45
7 20
7 67
7 14
9 59
9 74
9 6
10 54
18 64
18 61
18 39
19 21
21 44
26 38
28 70
29 68
31 65
31 50
32 26
33 23
36 40
41 35
41 11
48 8
54 1
59 5
60 79
62 22
64 49
64 53
70 55
72 62
72 43
72 58
72 37
72 12
72 71
72 34
72 16
72 78
72 3
73 28
73 10
73 48
73 36
73 25
74 72
74 60
74 29
74 33
74 24
74 2
74 52
74 63
74 51
74 75
74 27
74 47
74 69
76 30
76 31
73 7
49 13
30 76
1 49
2 45
73 76
10 15
13 8
79 71
71 41
63 14
47 24
20 46
67 8
69 33
40 46
52 53
35 17
57 2
58 74
33 38
78 31
77 42
8 75
30 64
19 54
2 14
68 31
53 38
23 50
76 71
31 23
10 68
51 54
72 35
28 3
30 29
14 50
23 37
14 40
16 63
34 42
49 49
2 5
43 44
9 42
42 65
27 66
41 28
25 11
2 75
25 19
90 55
4 51
9 81
9 45
9 79
9 90
9 54
9 41
9 12
9 47
9 25
9 32
9 18
9 68
16 4
20 16
20 28
21 22
21 7
21 20
21 44
21 27
21 70
21 62
21 11
21 60
21 42
21 83
21 5
21 89
21 31
21 13
21 53
22 75
22 43
22 10
22 56
24 26
24 49
24 48
24 87
36 21
36 35
36 40
36 58
36 72
36 84
36 14
36 30
36 88
36 65
36 86
38 50
39 74
39 15
39 17
40 33
45 59
45 1
45 76
45 57
45 46
45 73
54 6
55 82
58 19
58 34
61 36
63 61
63 80
63 9
63 78
63 3
63 37
63 29
72 64
77 67
78 24
78 85
78 55
79 71
80 38
81 52
81 23
85 77
85 66
87 8
90 39
90 69
90 2
72 7
61 29
40 90
25 14
18 32
72 78
84 55
40 71
23 13
87 3
65 70
40 59
76 36
4 54
86 42
82 34
90 20
48 51
39 16
6 85
70 35
83 42
18 23
46 23
68 67
74 61
85 6
89 56
52 65
42 76
31 3
22 50
79 71
49 33
24 38
72 29
82 81
61 37
59 85
57 34
8 33
37 42
54 34
24 32
80 47
73 82
6 62
5 13
5 23
6 10
63 34
52 11
89 39
45 62
19 38
73 85
2 69
2 36
9 70
9 3
9 47
13 67
18 63
18 22
18 13
18 14
18 30
18 60
18 48
18 57
18 10
18 68
18 56
18 58
18 4
20 64
20 9
20 2
20 12
20 19
20 45
20 26
20 24
24 1
32 59
32 29
43 41
46 25
51 15
55 71
55 23
55 17
55 42
55 7
56 31
59 27
61 65
62 72
62 34
62 39
62 53
62 49
62 44
63 73
63 46
63 62
63 32
63 61
63 37
63 51
63 28
64 55
64 11
64 5
64 66
73 20
73 40
73 35
73 52
73 43
73 33
73 16
73 6
73 38
73 54
73 8
73 21
73 50
46 36
15 1
1 65
12 58
46 24
34 47
11 51
17 49
23 54
69 15
66 24
23 22
56 58
45 7
13 16
16 32
10 17
55 4
17 73
69 47
6 44
11 44
28 48
54 10
17 28
71 4
66 70
19 15
71 69
1 40
18 62
10 45
64 50
45 34
63 49
27 73
68 42
3 49
64 59
68 12
7 34
14 50
21 32
39 30
26 68
72 24
17 65
56 31
19 57
59 53
8 2
60 49
52 17
12 4
11 62
32 33
46 35
24 51
4 11
18 54
61 63
64 43
30 35
17 9
73 60
49 15
9 6
26 44
71 13
73 17
16 64
59 60
36 27
35 11
29 64
20 7
43 58
16 40
63 14
38 16
65 40
50 27
36 72
6 51
10 39
85 85
2 21
8 34
11 17
12 24
19 27
19 9
20 55
20 12
20 7
20 45
20 78
21 62
21 69
21 26
21 19
21 30
21 59
21 76
21 18
21 4
21 32
21 3
21 41
21 25
21 61
27 66
27 64
30 44
40 35
43 28
46 49
46 63
46 31
46 68
47 33
55 74
57 73
57 2
57 77
57 83
57 72
57 65
58 79
58 14
59 60
60 48
62 47
62 71
62 53
62 54
62 75
62 5
62 52
62 51
62 1
62 50
62 29
62 37
62 85
62 13
62 23
62 6
62 56
64 80
66 10
69 20
69 81
70 22
71 38
72 84
72 8
73 43
74 82
77 11
77 40
77 58
77 70
77 67
77 42
81 36
81 46
81 16
81 39
81 15
74 51
40 77
20 30
73 74
57 31
33 51
38 66
46 61
34 62
21 44
31 16
30 45
42 66
7 8
38 71
59 59
20 3
26 50
79 46
42 30
65 29
6 44
76 52
69 65
5 40
42 78
10 6
68 28
31 28
75 55
4 42
54 68
3 80
33 85
3 6
74 62
26 8
9 79
59 68
24 40
48 13
5 41
82 79
4 6
79 6
16 76
73 7
83 11
38 52
61 84
83 45
9 3
5 18
45 8
1 16
64 21
50 48
76 19
17 22
84 33
17 33
62 3
17 9
51 34
57 75
58 66
36 28
79 41
21 74
64 12
24 80
15 13
71 49
28 52
73 28
56 51
13 60
9 14
49 72
41 46
74 12
45 44
65 10
12 82
52 22
92 62
2 73
2 22
2 21
2 91
2 84
2 6
2 3
2 43
2 42
2 7
3 76
4 34
5 45
5 38
5 70
5 15
5 30
5 66
5 32
5 27
6 88
16 52
18 49
18 44
18 58
21 61
21 47
21 35
21 31
21 77
21 85
22 87
22 5
22 18
22 62
22 92
22 81
22 68
22 12
22 26
24 63
25 79
34 33
42 24
43 9
43 11
43 10
45 71
49 59
50 17
61 72
61 86
61 90
61 23
61 13
64 78
64 16
64 25
64 50
64 55
64 39
65 29
67 60
71 53
73 64
73 65
76 14
78 8
79 57
79 20
82 56
82 48
82 83
82 37
84 28
87 82
87 1
87 54
87 19
87 74
87 69
87 46
87 89
87 80
87 36
87 41
87 51
88 67
91 40
91 75
91 4
32 30
5 32
54 84
55 50
41 87
65 31
66 59
23 35
63 48
89 41
73 70
67 79
25 42
13 75
45 29
2 86
28 12
51 50
60 28
15 42
75 30
66 88
76 50
35 10
55 63
22 53
20 18
49 44
92 76
29 32
5 33
89 83
35 47
83 74
90 70
78 38
46 45
51 22
40 85
86 23
63 77
40 80
7 37
63 4
69 34
25 33
35 26
24 38
33 65
33 85
88 80
16 85
90 1
67 29
91 30
23 58
78 40
67 65
55 67
87 37
83 45
16 3
81 98
1 23
1 45
1 34
1 11
1 29
1 3
1 56
1 10
1 30
1 19
1 48
1 49
1 47
4 74
5 9
6 77
6 31
6 1
6 58
6 62
6 35
6 2
6 81
6 54
6 37
13 52
21 64
21 43
21 16
21 76
21 73
21 39
21 46
21 60
21 36
21 61
21 50
21 40
21 66
21 17
22 78
23 24
26 53
26 65
28 25
31 13
31 59
31 71
31 55
34 22
45 41
45 33
45 32
45 38
52 27
52 14
52 18
52 8
52 75
52 63
52 15
52 20
52 51
52 67
52 12
55 21
57 69
57 7
59 4
70 28
71 70
71 72
72 68
74 79
77 57
77 26
77 5
77 80
77 42
77 44
5 49
1 34
33 68
66 58
28 55
41 74
26 6
17 59
30 59
42 14
69 74
33 55
76 78
39 37
73 68
36 5
43 48
20 76
21 60
48 12
41 76
52 1
50 46
37 21
78 65
24 4
3 43
18 11
22 21
19 48
43 62
60 43
71 47
24 8
57 35
70 12
78 34
30 48
37 43
26 63
55 33
33 30
21 66
53 70
76 62
61 37
2 76
44 62
14 2
40 44
28 15
2 7
54 13
14 27
21 65
38 74
16 32
64 54
73 44
60 27
26 15
22 15
26 75
38 18
38 81
52 19
40 35
68 75
33 23
19 36
58 46
71 65
27 53
28 20
48 39
70 38
57 21
60 62
58 9
73 56
21 57
24 31
50 60
68 5
73 53
53 44
11 77
30 8
63 53
6 23
20 24
62 17
65 65
45 37
10 63
50 11
31 4
78 39
94 57
1 26
1 11
1 64
1 93
1 5
1 65
1 13
1 25
1 40
1 37
1 2
1 58
1 69
1 8
1 90
1 35
3 82
11 33
12 92
15 22
15 63
15 30
15 85
15 89
15 44
15 10
22 1
23 68
24 18
26 94
26 79
26 83
26 36
26 34
26 86
26 31
26 55
26 54
27 19
27 17
27 47
27 48
27 6
27 77
27 62
28 4
30 27
30 12
30 14
30 43
30 51
39 72
41 71
43 28
52 56
63 73
63 23
63 78
63 38
63 16
63 53
70 9
73 24
78 32
79 60
79 70
79 41
83 3
85 7
85 46
85 42
85 91
85 74
85 45
85 81
85 61
85 20
85 50
89 39
94 52
94 59
94 67
94 66
94 87
94 49
94 76
94 88
94 29
94 80
94 57
94 75
94 21
94 84
56 74
25 53
11 80
37 68
36 13
12 11
77 36
82 40
44 42
70 85
22 19
20 69
70 38
44 21
42 27
12 1
2 35
75 89
70 75
16 2
85 26
93 7
78 72
44 37
76 16
2 4
79 73
40 36
39 8
83 3
62 6
10 25
84 7
63 4
10 49
16 51
93 78
26 14
57 14
71 57
25 70
17 6
65 73
35 9
36 38
52 40
43 69
17 52
38 38
89 27
80 8
73 87
82 63
16 66
53 20
40 30
23 85
