12
1 11 4 14 12 1 12 4 9 4 13 9 
19
17 22 3 9 3 18 20 8 21 5 20 18 12 7 10 21 11 2 16 
20
24 16 23 15 18 24 15 5 23 19 24 3 4 11 2 12 12 6 7 19 
15
4 1 7 3 12 18 2 8 2 5 13 8 4 17 1 
17
5 2 20 15 15 3 11 3 13 2 4 5 12 7 15 5 16 
13
9 8 11 8 8 9 9 11 14 8 10 12 3 
19
6 9 3 22 17 6 15 19 5 5 6 13 14 5 8 18 2 4 19 
12
11 11 14 2 11 8 3 14 12 9 14 4 
10
8 10 7 3 4 8 1 1 5 6 
14
2 1 15 7 4 15 4 4 10 3 8 12 7 5 
20
4 21 19 13 24 7 4 8 7 19 19 13 7 18 15 23 19 19 18 3 
19
1 17 17 18 13 18 15 12 3 13 17 18 9 10 19 8 5 6 14 
18
18 1 15 16 10 21 20 3 9 11 15 4 2 6 11 16 17 8 
11
10 6 10 11 5 12 2 1 4 5 11 
19
16 13 15 20 21 10 4 12 15 7 21 4 3 2 14 19 22 22 16 
10
8 2 5 6 11 4 4 1 8 5 
11
6 11 4 6 12 3 2 8 10 3 9 
14
14 6 10 8 13 3 15 15 6 12 8 10 2 6 
17
18 17 16 15 14 13 12 11 10 9 8 7 6 5 4 3 2 
11
1 2 3 4 5 6 7 8 9 10 11 
0
