94
52 44 6 85 16 104 42 85 51 104 105 7 96 9 65 34 66 73 99 101 64 48 104 37 99 68 2 58 43 56 36 11 63 52 68 55 20 59 112 55 17 24 111 16 112 59 58 108 102 99 10 75 39 44 4 102 36 107 18 37 38 103 19 65 32 91 103 92 48 9 83 64 70 1 60 38 56 98 50 24 101 96 106 25 104 23 1 19 96 47 77 32 30 96 
93
79 70 61 63 30 25 38 35 13 5 58 69 19 8 51 71 36 83 20 10 17 99 98 13 7 95 2 26 102 56 96 103 103 74 110 12 29 32 100 42 30 105 109 19 39 68 72 11 11 30 14 11 58 11 90 94 8 99 33 93 54 75 66 73 70 28 65 91 106 2 16 21 109 100 110 17 28 46 18 88 97 106 35 104 15 4 18 88 19 56 75 21 67 
92
76 45 96 64 59 28 109 53 18 65 62 91 39 98 69 62 60 88 63 29 34 56 12 86 23 29 74 59 64 78 27 107 43 91 14 14 29 2 80 97 72 47 104 52 72 27 2 14 47 38 35 49 1 97 46 30 32 79 45 20 71 25 28 39 60 96 1 58 109 22 35 11 96 31 58 76 50 81 40 79 110 72 83 36 104 35 90 12 58 54 11 51 
90
16 16 50 69 29 69 99 45 53 105 14 9 69 102 34 89 74 54 97 38 28 38 41 23 76 85 80 92 30 98 76 10 75 83 103 45 43 103 50 65 90 75 40 80 79 12 2 82 42 41 56 90 51 74 54 68 3 7 8 100 66 75 55 2 12 103 29 59 28 60 55 74 27 76 45 50 23 39 57 55 51 40 16 47 96 41 33 56 21 5 
96
94 53 7 81 1 16 48 21 52 100 85 95 71 25 41 115 81 81 74 28 55 12 3 20 51 107 14 72 40 78 113 48 81 12 113 30 7 30 79 85 16 25 109 14 8 24 12 27 76 64 89 95 48 4 24 79 4 108 1 105 101 44 105 42 101 85 48 28 114 86 2 1 64 37 114 73 46 30 29 80 28 67 55 112 44 85 42 29 28 33 79 79 115 109 88 35 
95
92 19 84 7 97 38 34 73 25 13 71 37 88 71 30 67 96 96 74 56 21 93 63 95 44 68 77 78 48 22 114 61 76 32 34 62 64 46 61 57 8 27 55 49 98 2 39 5 72 1 97 76 88 104 28 48 106 103 30 5 88 108 3 46 36 12 81 78 108 72 20 88 6 90 81 54 98 7 108 105 5 96 11 19 42 76 53 33 76 68 48 114 12 44 93 
99
5 56 71 80 33 108 36 36 104 89 50 88 41 85 47 34 33 58 11 87 14 9 104 62 11 87 4 98 63 2 90 109 59 33 44 93 49 40 59 71 64 32 64 32 85 87 42 9 45 35 100 35 36 113 110 22 68 46 15 32 30 24 99 55 15 57 23 36 36 104 50 46 39 75 5 21 39 97 82 66 89 96 27 69 26 22 113 77 25 95 102 6 47 36 94 2 72 65 44 
91
17 23 92 101 100 34 39 83 41 23 57 47 73 46 84 27 19 34 23 82 28 104 21 57 61 4 89 55 43 75 59 43 81 67 27 68 96 66 38 59 7 18 29 109 105 48 9 101 100 83 70 93 94 10 48 6 38 59 52 46 70 105 88 69 56 5 33 58 103 82 107 15 64 94 88 66 79 25 73 68 64 37 47 52 70 33 23 90 21 90 102 
92
16 71 101 4 56 9 25 27 95 76 70 100 53 106 36 105 97 34 93 40 1 34 87 1 66 102 3 67 65 40 40 82 82 31 65 92 100 26 96 73 52 80 72 76 4 19 36 63 104 77 84 25 77 24 28 55 64 47 11 77 28 104 40 3 2 83 65 29 92 76 81 16 39 69 102 36 106 76 99 93 45 11 89 61 65 60 12 94 32 39 33 66 
92
51 48 8 46 50 63 42 98 99 50 11 14 101 80 2 51 30 37 53 80 66 100 66 106 4 71 26 77 96 1 81 35 103 96 32 45 34 93 94 3 103 32 49 63 84 72 14 105 56 33 29 46 35 82 9 11 10 106 38 35 56 16 64 29 36 29 22 64 18 40 64 108 66 97 71 52 40 7 38 88 82 45 84 9 103 38 11 58 27 63 8 19 
99
24 39 77 104 90 23 17 93 97 63 18 103 95 10 111 78 21 80 17 51 105 84 47 36 35 35 96 37 114 75 80 97 77 25 25 116 93 68 77 85 38 35 95 16 113 27 104 66 72 15 23 47 30 26 45 24 12 50 2 93 28 28 76 37 44 60 42 4 54 24 68 106 3 57 29 94 116 92 113 25 61 37 49 4 117 59 8 21 78 79 10 51 30 108 31 57 55 102 77 
93
90 26 70 92 4 67 94 35 53 57 7 66 90 45 51 37 100 17 91 41 95 102 65 99 49 43 104 35 61 44 67 72 55 53 92 100 62 79 109 53 13 91 74 19 97 9 63 96 29 103 78 89 108 108 62 34 74 34 82 38 73 103 86 64 14 75 25 13 93 13 4 51 28 72 53 100 61 67 52 26 6 76 49 13 14 26 48 10 51 73 56 43 74 
100
62 106 102 7 110 47 78 13 25 35 58 61 38 107 39 70 113 102 113 103 55 88 83 67 92 120 95 45 79 67 89 53 8 88 39 4 88 78 84 44 98 114 109 100 97 30 59 59 75 14 51 2 76 20 82 119 29 15 28 31 55 79 31 116 99 69 43 39 59 49 110 56 6 67 5 84 24 14 29 62 8 105 11 1 119 40 72 108 118 3 66 47 86 118 31 101 53 105 59 11 
100
40 51 40 20 69 98 93 66 20 13 23 51 120 59 75 71 100 119 33 44 45 24 92 69 38 32 9 65 11 28 102 22 115 100 13 29 104 28 56 7 88 58 103 89 81 17 16 76 8 93 15 49 3 87 119 67 56 44 55 60 5 33 72 77 66 81 94 56 44 35 77 56 99 21 110 100 54 118 66 103 29 99 70 20 23 104 15 72 117 41 120 80 110 57 10 29 21 114 60 85 
94
54 27 44 59 71 27 11 101 26 78 71 105 49 37 21 31 112 29 101 51 40 108 76 54 35 108 55 52 111 6 92 87 95 51 67 26 77 95 54 48 5 47 85 53 46 100 77 101 26 97 105 60 65 42 9 94 56 109 18 40 56 37 38 22 28 60 38 102 74 1 37 45 38 107 15 57 100 93 10 23 93 58 28 86 3 10 93 12 104 30 62 55 28 80 
90
58 2 11 100 53 45 70 9 54 10 26 8 18 33 45 27 67 36 20 87 59 92 21 90 97 71 54 52 15 28 64 37 35 40 15 13 94 1 93 42 38 66 85 105 66 2 15 33 4 24 69 73 74 50 23 104 49 52 10 7 86 108 25 93 98 12 29 90 108 27 35 18 29 100 20 15 11 7 36 18 38 105 22 58 3 90 95 102 73 89 
95
53 84 16 74 51 39 6 69 68 13 79 62 113 113 84 70 37 75 90 65 93 63 91 108 56 78 4 80 92 59 82 32 29 73 65 82 96 40 39 18 111 46 13 113 2 114 76 10 59 114 90 54 51 53 43 93 104 52 88 3 96 77 86 21 102 25 59 4 26 113 33 93 31 27 81 93 92 6 52 95 105 109 90 9 89 76 22 97 65 1 101 3 95 53 23 
97
88 45 106 33 39 22 46 109 5 16 58 37 16 115 76 98 31 30 65 106 41 20 53 57 96 59 48 42 8 29 106 30 2 5 57 52 56 57 33 111 98 49 81 76 82 41 16 22 108 110 28 114 97 63 98 107 2 82 18 103 39 24 61 104 45 4 4 12 70 78 114 38 67 84 50 93 76 10 98 6 51 15 8 112 84 47 79 18 103 111 97 27 6 73 22 40 81 
93
48 61 42 89 93 53 103 95 104 50 32 39 80 66 67 110 85 11 36 47 21 98 34 68 106 16 97 76 88 59 41 44 100 74 86 84 108 35 71 59 88 14 85 105 22 102 25 13 37 1 104 81 100 97 82 55 8 13 40 35 11 97 45 51 31 77 8 101 28 84 10 17 70 73 82 28 76 27 3 36 87 43 30 104 60 26 30 86 20 52 10 62 73 
98
73 73 43 92 97 99 3 32 16 95 67 62 54 72 44 88 34 38 5 35 71 61 35 65 113 48 103 20 90 3 115 63 75 15 57 45 61 111 44 44 40 42 15 23 64 96 78 74 14 75 85 72 29 83 12 21 90 39 9 11 111 55 32 4 59 35 112 10 67 21 20 23 112 41 17 13 19 91 25 35 109 72 81 6 39 43 44 116 21 113 84 27 78 91 44 48 82 95 
97
100 65 89 79 93 59 104 84 90 66 24 61 70 97 60 17 20 104 3 91 3 23 57 4 16 24 27 85 93 91 18 72 8 50 22 30 1 26 96 100 96 43 66 34 3 42 109 27 86 45 111 63 115 47 99 77 88 82 66 17 91 81 66 9 65 70 28 58 26 12 82 37 113 44 115 110 75 33 86 42 68 33 69 96 12 98 86 109 35 49 79 92 88 25 19 86 71 
98
113 76 89 62 4 104 28 87 96 101 2 8 3 86 63 80 20 113 19 93 29 28 7 58 100 100 68 68 82 105 16 61 31 68 59 61 68 23 45 50 109 88 56 106 109 46 32 9 116 22 64 92 89 28 18 22 71 45 36 25 19 41 71 56 71 41 44 60 111 90 35 12 89 111 27 93 106 106 92 105 39 84 102 30 80 91 32 8 54 18 94 56 81 86 12 94 97 90 
100
38 105 113 72 40 33 43 39 27 1 92 15 114 19 25 9 23 58 88 39 117 55 46 63 43 69 40 63 110 119 65 33 13 17 35 89 99 69 65 20 104 87 29 68 41 66 102 106 50 116 4 115 73 95 71 5 21 98 44 83 63 64 105 120 79 15 44 1 74 36 62 86 106 45 78 50 87 70 52 48 5 48 106 57 30 87 90 83 49 11 36 20 18 66 14 64 13 99 58 103 
91
59 11 100 92 12 91 90 68 67 38 45 27 75 80 107 41 8 103 42 55 83 47 108 41 58 71 65 13 80 3 43 28 76 33 91 40 12 62 107 74 80 104 21 23 84 70 101 59 47 80 13 64 38 55 21 80 63 43 2 5 105 100 69 103 96 75 50 38 3 84 53 26 68 68 98 43 102 6 101 83 62 7 50 61 94 58 51 104 41 19 4 
100
68 111 10 26 119 71 79 32 37 40 70 92 66 116 74 49 13 45 11 2 36 20 8 38 31 89 62 24 99 28 57 68 49 52 90 6 102 6 106 45 11 56 55 97 23 62 28 65 84 20 118 96 87 117 76 120 116 108 54 23 114 34 41 106 75 39 1 71 63 76 17 39 105 112 112 84 10 105 60 111 20 21 27 86 106 66 47 92 22 43 114 113 114 76 51 19 100 112 47 61 
99
66 108 85 65 35 109 46 115 88 54 45 81 76 9 54 115 77 25 33 51 56 21 44 17 51 80 110 82 63 85 114 93 24 89 75 4 53 58 6 104 33 89 115 87 41 114 113 9 35 113 25 110 116 100 6 8 39 5 23 115 105 74 54 96 26 85 43 58 18 54 42 4 96 32 53 48 31 47 92 88 61 110 15 90 106 22 103 91 20 53 51 18 112 64 110 98 69 2 33 
95
23 70 14 29 102 32 31 3 59 46 20 64 93 87 26 57 42 111 16 85 109 41 77 58 34 82 51 37 85 3 69 45 20 29 79 42 71 82 6 21 20 17 93 64 51 21 70 29 60 50 45 95 107 69 99 83 30 68 82 19 86 103 35 68 87 42 49 93 23 65 85 96 73 60 41 108 95 24 32 27 109 34 26 3 20 34 58 70 34 35 73 100 98 45 65 
94
89 103 108 33 83 8 75 1 79 65 10 86 79 28 27 8 5 80 108 33 106 99 25 105 33 47 82 2 8 24 111 37 15 76 82 108 109 12 92 50 63 107 66 24 49 52 49 42 2 17 16 65 19 9 101 106 65 9 90 87 67 7 33 36 86 51 54 44 23 110 20 29 96 79 91 42 55 84 33 16 83 102 102 91 81 1 12 41 102 2 54 95 53 1 
100
115 67 81 96 82 26 30 116 34 43 110 20 11 87 99 65 26 88 112 119 110 19 106 102 14 9 65 119 106 6 47 37 2 105 88 25 52 30 83 75 74 32 112 54 10 11 74 28 24 49 47 113 113 82 93 52 73 26 119 11 16 86 81 39 49 31 16 32 107 74 102 18 19 79 68 96 81 97 96 39 90 13 34 103 118 14 34 117 3 24 4 20 90 20 22 54 32 68 49 102 
100
40 30 15 38 47 27 34 111 2 46 100 104 13 18 46 44 95 24 26 18 101 71 74 54 66 102 58 63 49 2 57 49 46 12 60 36 26 36 117 20 101 116 34 42 33 70 24 67 53 95 65 80 63 64 108 14 22 3 68 110 118 67 83 71 5 119 89 11 30 40 79 120 92 73 73 104 17 15 76 51 103 8 44 107 39 113 50 8 57 67 43 93 19 85 116 67 69 112 84 60 
100
87 27 43 29 5 10 74 117 52 27 4 110 51 107 4 13 87 36 102 2 102 104 45 64 120 74 76 77 94 63 8 60 8 22 61 1 49 52 97 77 14 19 94 91 79 52 4 17 109 90 30 83 109 57 92 28 27 103 25 95 75 114 14 70 107 34 86 112 53 88 35 72 108 79 41 83 53 113 74 67 81 93 58 34 23 120 91 16 119 98 20 1 20 115 93 57 89 118 111 114 
100
60 98 119 63 100 86 9 69 65 37 10 3 53 105 112 77 85 107 93 3 76 76 20 91 4 119 102 34 82 14 30 107 82 100 98 79 84 3 60 94 109 47 7 12 56 11 109 103 22 66 32 16 28 105 48 24 117 51 101 21 79 60 22 62 74 75 49 19 14 97 75 112 28 111 58 11 80 8 65 108 53 106 60 13 50 67 21 90 12 57 38 3 20 98 16 104 2 21 115 92 
92
55 75 82 4 71 61 86 24 88 50 75 62 78 104 1 37 62 110 102 31 107 65 46 41 62 1 109 102 76 2 31 101 83 20 52 6 43 103 90 101 17 67 69 25 11 49 84 49 46 23 20 53 21 109 61 13 100 67 10 19 29 56 61 50 93 36 59 60 29 20 104 63 29 37 29 24 21 40 15 59 71 30 75 81 47 46 20 95 26 63 17 84 
91
55 34 29 99 100 31 18 82 68 85 84 99 67 102 9 28 15 55 108 29 103 60 81 84 24 18 33 57 61 46 1 5 7 75 27 95 70 66 72 105 65 19 109 46 35 94 59 69 11 101 74 74 26 46 100 26 103 26 21 12 24 107 60 91 96 87 101 57 57 90 7 90 5 80 7 73 86 67 45 99 46 104 65 31 59 37 104 49 1 64 24 
93
99 41 68 61 93 35 103 2 40 72 67 88 80 91 27 95 51 16 51 76 76 56 29 10 71 71 13 59 15 100 79 45 31 49 105 54 51 17 95 6 28 2 62 54 4 78 48 97 8 30 16 68 44 94 43 58 53 17 98 53 10 100 84 27 101 82 75 110 1 25 33 15 83 88 24 53 56 88 55 58 2 57 72 81 53 89 19 69 62 98 72 97 49 
90
59 9 38 10 95 60 42 72 85 76 1 87 71 103 24 44 36 13 65 104 15 13 59 19 51 48 21 48 10 89 19 90 23 101 4 3 21 23 71 102 61 6 33 35 14 61 98 72 27 8 32 96 21 98 80 42 15 82 83 103 106 17 80 64 84 84 70 4 76 30 64 65 27 29 42 60 33 2 31 58 107 57 38 48 87 94 30 38 93 65 
93
34 5 39 110 70 94 46 64 45 8 77 34 42 65 69 95 61 62 11 89 20 50 87 72 82 29 16 105 80 75 28 88 22 100 6 74 23 22 98 11 10 30 71 102 3 84 56 43 81 35 9 83 73 93 8 62 2 1 77 69 83 3 83 68 30 66 74 34 22 53 97 41 102 105 12 110 11 56 66 45 30 38 7 41 61 50 98 73 89 92 5 87 92 
96
49 75 3 20 32 71 20 73 19 22 73 115 35 96 69 49 7 25 102 45 37 84 45 68 98 95 41 73 35 90 72 88 98 109 80 103 39 64 37 67 71 6 59 76 53 62 107 114 94 29 40 66 26 21 34 72 28 6 86 64 86 96 26 31 38 106 68 82 71 30 5 70 6 25 30 67 14 77 4 97 79 97 23 57 29 68 88 93 13 68 80 10 55 9 16 82 
93
94 93 92 91 90 89 88 87 86 85 84 83 82 81 80 79 78 77 76 75 74 73 72 71 70 69 68 67 66 65 64 63 62 61 60 59 58 57 56 55 54 53 52 51 50 49 48 47 46 45 44 43 42 41 40 39 38 37 36 35 34 33 32 31 30 29 28 27 26 25 24 23 22 21 20 19 18 17 16 15 14 13 12 11 10 9 8 7 6 5 4 3 2 
97
1 2 3 4 5 6 7 8 9 10 11 12 13 14 15 16 17 18 19 20 21 22 23 24 25 26 27 28 29 30 31 32 33 34 35 36 37 38 39 40 41 42 43 44 45 46 47 48 49 50 51 52 53 54 55 56 57 58 59 60 61 62 63 64 65 66 67 68 69 70 71 72 73 74 75 76 77 78 79 80 81 82 83 84 85 86 87 88 89 90 91 92 93 94 95 96 97 
0
