100
115 23 102 116 45 100 34 33 48 26 49 108 111 104 3 92 66 113 13 94 22 106 39 5 38 104 31 67 33 71 112 95 91 5 55 72 72 40 64 1 102 45 11 101 35 3 61 20 103 103 29 87 35 106 68 9 2 8 48 6 110 50 27 8 7 94 79 71 24 92 69 33 18 77 55 44 101 96 90 23 116 5 40 111 72 69 28 17 96 1 7 2 72 82 67 95 47 33 119 67 
100
41 66 43 101 82 3 24 71 87 88 5 97 17 13 79 71 109 72 53 1 59 27 56 52 25 113 77 4 96 37 41 16 110 15 53 54 27 56 82 112 103 16 85 15 100 38 102 16 88 88 38 20 47 11 120 12 54 109 26 44 82 41 75 8 10 60 103 21 66 69 65 65 34 34 64 85 31 1 93 41 64 35 4 65 11 16 89 47 105 63 29 66 87 37 65 85 31 88 106 58 
97
64 10 37 59 98 50 11 56 39 56 56 68 39 70 5 73 62 88 86 10 111 91 39 51 43 74 108 76 48 38 102 91 7 76 64 2 83 38 82 53 76 14 29 67 98 105 79 7 73 92 44 5 16 95 53 14 108 59 84 116 60 102 36 14 16 104 18 35 66 92 93 17 11 19 54 83 101 13 63 67 88 110 13 102 11 26 79 109 49 84 81 77 20 50 29 65 21 
93
26 110 82 59 12 26 17 76 87 68 54 57 95 103 14 17 94 24 106 6 9 23 22 90 111 105 82 50 31 92 22 100 76 95 90 38 41 84 71 81 12 105 96 14 82 24 101 48 14 45 87 60 28 76 68 26 58 38 110 92 62 102 105 55 97 65 96 18 41 105 88 61 6 85 84 45 74 37 84 38 6 71 67 105 85 17 93 54 39 70 7 69 12 
100
4 120 105 80 114 44 112 6 6 26 81 15 55 108 55 16 51 21 43 31 102 83 111 80 85 69 87 25 74 71 58 56 49 116 21 43 18 11 120 65 111 93 30 87 25 54 7 21 22 50 112 34 95 2 62 117 119 79 31 78 53 46 42 45 86 85 103 17 116 101 65 27 108 120 11 19 87 5 73 35 71 73 25 92 69 40 26 86 72 21 44 20 48 14 104 102 43 52 105 96 
96
65 115 62 38 112 42 106 70 62 64 83 83 73 62 97 109 3 30 79 80 94 73 108 18 83 1 102 26 68 90 98 79 5 70 78 84 39 28 61 52 4 94 81 97 56 102 58 82 98 28 67 46 95 77 28 44 34 26 59 111 109 10 68 106 113 7 2 67 103 115 50 114 31 29 2 93 52 53 57 102 113 115 89 82 31 49 14 115 41 60 43 112 61 35 35 85 
90
64 41 70 108 82 93 33 30 13 86 61 74 94 62 3 15 1 27 95 32 73 13 29 76 32 3 91 43 72 47 27 65 66 31 97 93 42 57 38 23 35 45 105 73 72 22 102 106 3 54 66 39 53 71 99 75 18 38 85 98 3 49 12 86 21 39 50 101 63 6 35 81 63 50 79 77 101 40 3 83 97 41 64 23 66 36 1 7 2 94 
100
42 4 33 87 2 120 38 42 97 22 51 83 108 41 67 41 39 101 8 106 75 111 63 117 41 28 58 15 71 109 119 27 24 25 23 23 96 91 9 37 41 46 63 104 119 14 18 8 43 81 10 23 54 37 96 44 92 100 32 88 107 78 25 72 44 101 39 10 25 71 50 115 72 15 96 32 103 101 97 67 120 15 18 97 63 72 60 18 66 73 45 113 120 85 48 85 69 49 49 30 
96
2 53 70 102 54 15 47 69 29 20 90 16 28 82 107 93 50 14 22 101 37 25 61 12 107 51 71 81 7 100 40 18 75 85 19 111 92 25 39 74 57 3 102 83 63 66 66 85 57 104 13 104 30 37 10 20 43 82 35 48 52 28 41 19 56 96 78 94 95 64 36 64 4 9 47 16 45 21 54 30 66 46 45 44 107 5 85 74 66 55 63 26 84 88 87 99 
93
95 57 25 74 81 111 76 21 54 63 39 82 71 3 83 10 6 110 26 98 82 10 14 72 17 84 19 5 109 98 34 66 52 56 92 62 42 30 106 108 80 90 21 71 95 36 75 55 42 98 79 6 108 51 74 101 14 58 53 64 107 101 91 27 72 7 33 34 108 53 67 3 10 110 31 78 41 20 16 83 90 67 18 35 21 67 86 88 74 26 27 88 64 
100
24 89 11 66 117 20 31 116 70 119 52 53 112 60 12 85 48 5 79 85 22 8 72 60 100 96 111 104 8 78 73 63 117 79 101 15 49 64 32 83 98 16 116 15 106 21 108 38 53 58 35 113 113 39 22 83 62 105 31 19 37 20 51 58 53 94 14 54 60 85 118 53 19 92 37 46 37 18 83 85 58 4 27 45 103 36 68 11 56 41 76 24 104 25 88 79 80 28 119 104 
98
48 61 96 116 46 117 36 93 104 10 60 104 9 93 6 85 8 55 88 89 23 75 7 30 49 17 52 92 47 24 32 38 33 20 53 6 20 81 83 116 34 76 4 113 47 113 41 98 87 9 45 47 52 75 58 17 83 12 41 98 92 68 57 19 74 66 5 69 18 72 56 10 64 57 37 43 2 82 66 69 45 116 44 100 80 67 99 1 64 28 57 73 116 16 89 29 102 59 
97
108 38 84 18 70 58 30 78 40 97 8 111 74 56 42 75 94 52 33 98 88 63 3 91 24 87 6 71 85 22 57 99 116 73 91 101 41 51 63 6 22 108 79 73 102 3 105 105 107 3 83 46 111 69 18 85 15 23 41 111 77 107 107 61 16 39 82 5 78 99 98 7 65 104 41 25 29 16 44 59 105 85 70 84 19 98 103 65 81 80 116 110 98 5 13 74 25 
94
19 110 72 71 35 23 55 16 22 68 84 58 43 65 63 17 90 46 89 99 2 34 26 13 102 4 109 85 3 91 95 109 69 36 8 6 106 84 56 36 103 94 6 17 9 39 5 100 15 9 41 35 71 5 9 22 6 28 36 14 76 64 72 6 71 54 65 41 71 31 80 100 98 87 76 109 56 29 93 101 42 101 6 26 54 26 98 95 54 24 3 80 10 8 
97
101 71 21 100 63 62 88 114 49 112 19 30 3 31 103 100 40 41 29 17 44 116 17 58 33 29 106 10 116 16 33 82 42 56 113 41 88 7 90 34 78 101 73 67 2 114 76 101 5 77 67 109 54 47 49 85 84 31 22 63 32 38 65 98 90 46 106 15 60 75 63 81 39 54 102 72 3 58 49 6 77 83 57 111 103 100 68 51 62 96 22 33 50 61 97 110 95 
96
12 52 28 74 84 97 85 27 27 33 98 109 42 84 67 38 45 111 111 52 96 48 9 43 42 110 91 105 11 21 50 53 115 79 28 36 45 9 87 96 107 64 90 102 81 51 56 1 104 31 73 108 90 13 25 9 108 28 104 5 77 67 39 26 8 78 109 36 110 38 86 51 50 100 93 85 78 16 39 84 57 19 102 80 96 75 85 53 27 51 53 76 34 14 79 114 
93
35 62 32 79 98 106 42 24 67 88 23 61 59 85 101 111 67 110 47 23 71 46 33 58 68 105 99 111 47 94 52 51 36 72 64 29 44 87 4 111 96 23 110 41 55 82 38 19 110 56 2 110 107 78 70 47 5 15 108 87 4 100 60 64 27 109 36 58 25 99 47 107 95 21 32 108 92 101 2 44 104 22 40 5 89 22 52 101 95 1 56 92 97 
96
1 79 3 103 111 103 110 46 46 77 75 6 115 113 86 94 11 40 65 84 64 27 34 7 82 111 10 18 6 67 3 110 96 55 100 101 98 39 60 108 61 54 98 40 114 1 114 113 107 25 94 41 23 98 54 102 31 29 12 104 22 77 11 53 63 51 110 101 80 28 16 107 95 105 26 24 109 82 77 47 41 44 89 78 31 73 105 93 84 23 105 42 48 64 108 15 
96
27 72 98 79 30 80 92 19 89 68 91 71 78 42 55 73 102 26 43 110 17 14 19 31 71 38 113 93 2 63 84 46 50 41 23 11 89 61 103 11 96 114 88 64 104 33 14 108 105 7 45 69 58 19 20 84 27 36 35 84 43 3 70 60 84 21 53 45 68 36 20 76 99 21 84 89 3 88 32 94 69 108 115 107 35 50 71 68 99 68 48 76 53 13 14 78 
99
57 86 80 92 4 21 36 107 33 46 74 86 103 69 106 116 97 62 106 22 99 17 29 30 98 112 68 55 2 34 70 23 113 41 114 50 87 77 67 86 51 17 58 84 10 103 94 21 70 99 14 84 106 12 2 65 95 108 95 99 84 34 18 66 7 73 84 24 64 27 105 39 39 33 34 93 105 12 109 70 42 26 34 33 30 117 55 43 16 10 28 60 63 61 21 34 56 105 29 
90
106 20 93 65 39 69 16 19 29 26 102 63 92 30 27 13 76 9 83 12 77 39 67 9 62 24 29 64 72 73 39 20 61 30 45 18 52 35 52 1 12 85 89 55 69 19 35 14 29 13 52 83 103 83 2 94 12 81 102 104 103 49 56 94 90 29 21 98 81 80 96 67 67 75 74 4 95 28 6 13 85 53 108 45 104 1 10 31 54 80 
90
20 26 81 66 92 62 97 19 25 97 93 64 108 70 74 80 77 66 68 10 98 67 17 27 58 37 16 65 47 93 30 87 17 16 71 43 85 100 60 45 11 105 8 101 106 23 104 50 84 19 19 29 56 55 18 42 58 18 93 72 4 76 6 15 31 54 5 13 76 89 56 106 59 29 76 41 39 11 84 18 19 18 38 53 25 18 43 63 77 18 
100
44 88 36 84 92 110 87 3 18 108 20 56 22 66 16 21 106 16 33 19 79 35 78 60 8 35 36 85 119 91 118 33 23 8 61 33 99 61 73 91 77 38 54 113 113 28 59 108 18 65 47 72 37 84 100 97 101 111 112 70 87 15 26 94 71 60 18 40 90 50 84 7 78 22 103 14 118 101 105 88 35 18 93 91 8 54 55 22 68 37 111 80 13 14 85 43 19 91 60 10 
94
27 65 78 101 60 70 87 71 28 106 89 35 82 108 109 80 105 8 42 85 85 65 43 83 104 47 50 82 71 74 13 44 73 56 73 42 112 4 52 59 27 112 56 28 90 12 52 53 4 103 13 48 6 84 5 95 13 1 42 78 6 101 51 55 3 88 7 5 49 8 78 11 56 89 43 21 19 12 107 15 32 83 55 101 41 19 64 59 85 107 28 30 105 52 
90
62 7 22 92 78 96 3 40 97 28 17 5 90 78 88 99 78 21 64 5 60 15 32 28 17 3 12 79 78 20 40 70 7 83 34 84 57 49 8 51 22 23 33 63 103 98 102 62 62 107 95 74 97 42 92 27 3 100 33 95 78 59 25 95 45 105 54 104 46 92 108 38 90 17 33 95 20 14 103 15 11 25 52 55 24 106 66 43 24 8 
96
21 44 18 14 16 39 47 48 24 2 66 110 16 10 113 35 31 78 56 70 66 5 107 19 67 90 60 48 114 28 113 17 21 102 65 2 67 48 32 48 54 111 43 70 115 86 40 76 62 15 34 42 32 30 60 87 85 59 55 70 32 2 13 81 61 46 60 28 67 70 79 61 9 100 99 75 30 95 111 43 41 53 15 31 107 12 11 96 42 46 30 30 1 77 88 23 
97
70 115 105 74 114 33 46 36 111 114 101 100 10 27 38 56 88 70 16 10 79 76 82 77 50 63 28 14 50 1 38 16 54 37 88 90 105 47 110 20 95 2 58 68 78 91 4 94 46 89 53 111 86 55 95 50 44 5 51 43 42 51 88 84 107 23 36 29 70 1 29 32 81 111 25 37 84 29 13 26 71 71 42 54 50 30 1 59 111 13 57 41 33 84 6 5 35 
100
60 54 11 120 97 39 32 7 75 77 114 27 101 23 32 9 4 27 74 54 101 26 97 86 97 87 43 52 19 100 108 25 25 78 57 119 90 1 86 8 8 47 19 35 77 13 98 40 114 87 108 107 30 21 45 94 100 37 93 106 96 20 72 110 27 23 80 60 5 47 2 23 27 52 31 50 105 105 75 37 25 32 43 49 45 47 10 79 81 92 117 27 69 101 25 95 33 11 17 45 
96
97 96 95 94 93 92 91 90 89 88 87 86 85 84 83 82 81 80 79 78 77 76 75 74 73 72 71 70 69 68 67 66 65 64 63 62 61 60 59 58 57 56 55 54 53 52 51 50 49 48 47 46 45 44 43 42 41 40 39 38 37 36 35 34 33 32 31 30 29 28 27 26 25 24 23 22 21 20 19 18 17 16 15 14 13 12 11 10 9 8 7 6 5 4 3 2 
99
1 2 3 4 5 6 7 8 9 10 11 12 13 14 15 16 17 18 19 20 21 22 23 24 25 26 27 28 29 30 31 32 33 34 35 36 37 38 39 40 41 42 43 44 45 46 47 48 49 50 51 52 53 54 55 56 57 58 59 60 61 62 63 64 65 66 67 68 69 70 71 72 73 74 75 76 77 78 79 80 81 82 83 84 85 86 87 88 89 90 91 92 93 94 95 96 97 98 99 
0
