59
50
59
59
59
5
16
59
16
4
59
5
59
16
5
16
5
59
59
4
5
5
5
16
59
16
16
59
43
59
59
16
50
61
5
59
62
59
59
16
59
2
59
16
59
59
5
59
59
59
40
16
16
16
16
16
5
59
16
5
59
59
59
5
59
59
59
59
59
59
16
59
59
59
59
5
16
60
60
0
60
71
41
0
60
40
4
10
4
60
4
0
4
4
4
0
60
4
0
60
0
4
71
60
0
60
4
10
0
60
60
4
10
0
4
60
41
4
60
4
0
10
60
74
4
54
60
10
4
60
10
60
10
4
60
4
60
0
0
0
67
10
4
60
4
74
0
60
0
0
4
74
60
60
60
60
0
4
60
60
0
0
60
60
4
60
49
49
49
0
49
0
0
0
80
41
49
49
0
49
49
49
5
0
49
5
0
0
0
49
49
49
11
49
11
0
0
49
49
49
0
49
0
49
0
49
0
0
49
49
0
0
0
0
49
0
0
49
0
49
49
0
49
49
49
49
49
7
7
76
7
0
5
7
73
74
9
0
0
7
7
74
7
9
9
0
74
9
9
74
9
5
54
0
9
5
9
9
9
9
0
0
9
9
5
74
7
0
9
49
5
9
9
0
9
5
5
5
73
0
0
0
63
0
0
0
63
0
63
0
63
0
0
0
63
0
0
0
63
0
21
0
9
63
63
63
21
63
0
0
0
79
63
63
0
63
0
0
63
63
0
0
63
63
63
0
0
0
0
63
0
0
0
63
63
63
63
0
63
63
0
63
73
63
20
0
0
20
0
63
0
0
73
20
0
0
0
0
0
0
20
63
20
73
18
0
73
63
63
63
0
63
63
0
63
0
63
0
0
63
63
56
0
63
73
0
73
0
0
63
63
0
0
18
63
73
0
20
0
63
73
0
0
73
73
0
63
73
63
20
0
73
0
73
63
63
63
0
0
21
77
21
0
57
62
21
21
57
21
81
21
0
0
71
59
21
21
57
0
0
0
21
0
0
0
21
57
57
21
0
21
0
62
21
21
0
0
21
0
0
21
57
21
57
21
0
0
62
0
0
0
21
0
21
21
21
0
77
0
57
21
0
57
57
0
57
57
21
21
21
0
21
57
73
62
0
0
0
21
20
0
0
20
57
5
5
2
64
87
0
22
21
2
87
2
2
0
0
2
2
0
2
2
0
2
73
0
0
2
22
0
0
0
2
0
87
0
87
2
2
22
22
0
61
0
2
0
0
2
2
2
73
2
0
2
0
2
2
2
2
0
2
2
87
22
2
0
1
6
0
0
6
6
0
0
0
6
6
6
0
31
0
0
31
21
0
0
0
21
0
6
6
6
0
0
0
0
21
0
6
6
31
34
0
0
0
6
1
21
6
0
0
0
6
0
0
31
0
0
52
0
6
0
0
0
31
0
6
0
6
0
6
0
31
1
0
0
0
6
31
0
6
0
0
6
0
0
0
21
0
0
0
6
0
6
6
6
0
65
0
0
0
31
6
0
15
1
15
0
0
15
1
0
0
15
0
15
0
0
0
1
15
26
0
0
15
15
0
0
15
0
1
0
83
27
0
15
0
0
15
0
0
0
26
1
27
0
1
15
1
0
15
38
15
1
0
0
0
0
15
0
