10
95 60
1 90
1 27
2 89
2 14
2 33
2 32
2 59
2 26
2 13
2 61
2 58
2 37
2 16
2 64
2 53
3 56
3 93
6 84
8 91
9 62
11 24
11 87
12 95
14 60
15 2
15 22
17 74
19 25
22 86
22 1
22 19
24 40
29 65
29 38
29 68
29 7
30 29
30 82
30 81
30 21
30 23
30 92
30 78
32 70
33 9
34 31
34 94
36 15
38 20
39 72
40 69
43 63
45 3
45 6
45 10
60 50
65 17
66 28
66 8
67 34
67 73
67 4
75 5
76 41
77 45
77 67
77 12
79 49
79 11
79 51
79 47
79 43
80 30
80 36
80 77
80 76
80 88
80 52
80 85
80 83
82 79
82 48
82 46
82 42
82 55
82 18
86 75
87 54
89 66
89 71
90 39
91 44
92 57
95 35
95 52
80 89
89 48
49 7
82 11
72 41
60 83
45 6
52 33
9 14
44 41
86 1
37 46
73 66
94 33
76 86
78 18
58 20
44 10
39 83
26 78
36 48
26 71
82 4
20 32
8 23
86 58
43 8
93 78
39 55
2 35
93 76
86 59
42 56
54 73
95 54
50 30
2 90
71 63
23 89
46 68
93 65
54 64
55 10
70 17
67 28
42 84
36 10
67 13
53 42
39 82
60 55
7 58
54 58
15 69
89 44
73 53
44 88
74 29
44 88
78 98
1 78
1 33
1 9
1 29
1 24
1 23
1 55
4 47
7 1
7 50
7 25
7 64
10 16
10 70
10 14
10 69
15 45
21 20
25 4
25 62
27 60
27 7
27 74
27 67
27 76
27 48
30 13
32 38
34 65
35 31
42 56
42 73
42 72
49 53
49 37
49 26
49 18
52 75
52 42
52 27
52 49
52 61
52 12
53 58
53 71
56 21
60 32
60 3
60 51
60 63
61 10
61 30
61 35
62 34
62 11
64 40
64 2
64 68
64 43
64 46
67 8
70 28
70 57
72 66
72 22
73 19
73 5
73 77
74 39
75 6
75 54
75 15
75 44
75 59
75 36
75 41
78 17
72 58
37 44
72 61
52 10
3 8
33 18
45 2
14 25
5 65
71 16
71 51
54 19
65 54
4 26
28 17
33 55
63 49
7 16
46 66
59 50
3 51
40 13
5 43
27 46
41 67
13 39
68 77
54 72
25 25
3 52
51 35
40 73
1 37
28 26
20 20
35 5
44 34
71 34
52 42
61 11
74 50
44 32
58 55
5 34
16 36
49 23
31 10
10 15
25 31
58 43
26 29
45 44
4 69
3 77
14 24
1 74
65 49
58 57
51 10
11 69
70 4
70 23
22 33
4 54
65 64
34 37
77 24
68 44
40 42
21 2
7 42
28 36
16 70
23 8
41 41
61 44
30 31
19 74
53 24
74 60
31 1
9 64
68 61
22 15
62 12
35 63
37 72
45 3
56 34
19 33
60 30
42 10
14 52
13 42
29 6
74 4
54 43
15 41
84 73
6 84
9 2
11 66
12 35
12 13
12 3
12 72
12 19
17 9
17 27
17 18
24 17
24 20
24 23
24 29
24 48
24 11
38 67
38 55
38 45
39 70
40 59
40 47
40 12
40 5
40 54
40 52
40 41
40 78
40 71
40 44
40 22
40 42
40 28
40 76
47 69
47 75
47 6
47 16
47 64
47 8
47 30
47 65
47 82
47 68
47 46
47 31
55 10
59 38
59 74
59 60
59 32
59 43
59 36
59 81
60 39
67 26
69 24
69 80
69 63
69 49
69 79
69 61
69 62
69 15
69 4
69 33
69 57
69 77
75 34
75 25
75 58
75 53
75 21
75 56
75 83
75 1
75 7
75 14
75 51
75 73
79 50
84 37
46 37
83 18
18 76
66 33
21 75
40 19
43 53
68 19
27 36
72 27
23 8
75 24
21 18
35 58
18 55
74 66
70 11
2 40
31 64
2 75
77 35
84 43
41 14
47 69
13 23
70 12
4 64
82 7
5 59
10 82
69 32
45 55
48 41
47 26
73 9
65 58
62 12
31 49
10 34
7 25
33 65
52 1
20 41
63 76
50 54
48 76
25 28
16 22
57 66
13 27
54 51
15 34
16 82
70 13
80 52
80 17
69 48
64 46
7 34
71 74
11 10
70 4
31 19
55 60
49 35
1 57
42 13
3 51
55 27
12 47
12 21
24 84
75 81
80 82
1 74
1 48
2 49
3 22
3 27
6 17
7 35
15 51
16 20
16 31
16 44
16 76
16 34
16 72
16 59
20 36
20 70
20 47
20 23
20 52
20 5
20 7
23 67
23 40
23 54
23 66
23 43
23 80
23 63
23 55
23 58
23 19
24 65
29 38
32 2
33 15
33 41
33 13
33 28
36 57
36 29
36 62
36 69
36 75
36 4
42 26
43 11
46 79
47 78
47 1
48 39
48 25
55 45
57 42
57 24
57 73
57 71
58 14
68 32
69 21
70 8
70 56
70 12
70 6
73 53
74 46
74 68
76 61
76 10
77 3
77 30
77 64
77 60
77 50
77 18
77 9
77 37
78 77
79 33
31 13
55 63
17 74
36 17
40 76
38 54
15 6
67 4
70 18
71 27
42 29
49 44
22 35
10 30
58 56
71 31
76 74
65 8
28 3
67 21
61 3
4 35
32 45
54 42
18 17
14 45
26 74
69 47
60 72
30 73
65 1
73 10
26 19
71 30
35 46
15 49
69 32
49 6
62 64
9 67
4 15
54 48
40 28
59 48
8 23
5 30
40 72
62 76
2 33
34 24
27 17
32 16
56 74
51 7
32 38
66 56
52 69
53 59
29 10
25 54
20 7
21 22
24 6
30 46
11 26
24 78
30 37
46 24
46 75
19 63
63 71
74 17
40 76
67 39
15 30
8 26
23 18
39 72
23 68
80 71
77 8
1 9
85 99
2 46
2 64
5 8
5 22
5 65
5 21
8 61
8 67
8 32
8 29
8 12
8 43
8 7
8 60
8 51
8 78
8 35
8 17
8 76
8 13
8 57
8 53
12 84
16 79
16 56
16 11
18 25
20 41
20 71
20 69
20 62
20 38
20 48
20 14
20 3
22 36
22 54
22 4
22 37
24 49
24 5
25 77
31 73
40 19
40 80
44 58
45 1
45 15
45 40
45 85
45 39
49 50
49 20
49 31
49 26
49 74
49 34
49 33
49 23
49 42
49 81
49 9
49 70
49 63
49 66
49 28
50 30
50 59
50 27
50 6
54 52
58 68
59 47
61 2
67 16
67 45
67 44
67 18
67 55
67 72
67 83
67 10
72 82
73 75
13 59
20 42
19 49
82 79
80 82
4 40
2 4
82 84
32 25
54 40
74 65
39 58
3 25
58 29
16 47
24 84
4 27
70 57
74 18
46 80
8 47
72 83
21 57
57 55
66 26
78 4
40 73
25 2
45 77
64 3
26 64
51 57
71 77
13 16
79 6
16 84
41 74
6 25
8 62
22 83
64 33
47 26
65 39
70 54
42 65
54 53
16 4
26 15
53 81
55 11
78 76
7 30
15 51
6 29
17 52
2 40
58 68
54 29
79 78
28 53
82 6
5 20
35 17
43 8
46 41
50 45
12 16
5 38
62 82
43 38
85 81
73 68
34 31
11 11
74 36
14 23
44 9
57 78
19 22
33 17
16 49
52 29
52 67
46 78
15 64
80 71
52 61
66 26
66 79
29 50
61 36
69 45
12 54
79 51
54 7
66 35
55 30
62 80
6 68
85 76
3 41
4 17
11 26
13 48
13 85
21 51
21 4
21 55
21 15
21 18
21 32
21 31
21 79
21 8
21 67
21 44
21 78
21 29
21 28
21 23
25 66
33 21
33 37
33 80
33 11
33 73
33 45
35 49
37 50
37 38
37 35
37 60
37 58
37 34
37 36
37 20
37 61
37 64
37 30
37 14
37 70
37 71
37 2
37 6
46 59
50 69
50 10
50 74
50 1
50 16
50 62
50 5
51 3
54 84
59 56
59 47
66 68
68 53
69 54
69 42
72 7
73 75
73 9
80 13
80 72
80 25
80 82
80 81
80 83
80 46
80 19
80 52
80 65
80 27
80 22
80 77
80 39
80 76
81 57
84 24
84 63
85 43
85 12
85 40
56 65
58 24
82 10
1 58
57 31
25 18
16 59
13 11
6 34
43 58
51 33
80 80
11 53
64 5
69 42
77 1
66 48
57 39
13 56
68 19
67 71
1 17
18 58
8 50
61 80
35 60
72 80
52 2
83 73
24 64
55 13
85 1
18 74
76 68
24 54
11 57
10 78
49 3
70 38
42 65
23 29
30 17
6 44
42 63
27 53
74 81
9 15
58 44
14 79
33 85
7 58
39 85
6 28
63 40
14 1
13 56
16 15
47 70
52 35
49 34
43 56
11 50
15 1
6 10
68 49
8 61
3 61
74 34
84 72
45 16
5 59
83 78
75 2
52 15
48 58
43 44
79 96
1 48
1 16
3 2
6 67
8 50
8 45
8 37
8 9
8 64
8 30
13 5
13 43
15 42
18 41
21 57
21 72
34 49
35 60
39 33
39 12
39 69
39 10
39 74
43 34
43 1
43 51
43 7
44 46
47 32
47 75
47 77
47 62
47 4
47 3
48 40
50 31
50 76
52 55
52 19
52 65
52 79
52 27
52 11
52 53
52 17
52 29
52 25
52 38
52 61
52 54
52 24
55 28
55 22
56 52
56 47
56 39
56 59
56 71
58 56
58 13
58 8
58 78
58 68
58 21
58 14
58 20
58 36
58 63
62 26
65 70
68 23
71 35
71 6
73 66
73 44
73 18
73 15
78 73
5 54
20 37
62 40
79 73
38 29
61 13
14 57
7 62
16 9
36 38
4 19
12 46
60 43
66 30
19 31
49 69
42 23
26 18
26 22
5 51
40 71
27 51
48 62
8 27
17 12
73 29
62 4
3 22
36 68
33 57
5 2
15 40
56 14
14 48
71 67
35 4
39 4
70 45
68 65
55 43
24 29
25 14
55 75
58 6
27 30
27 58
19 20
24 45
22 12
38 28
65 7
24 76
72 7
61 68
21 4
40 51
18 14
39 39
24 48
64 76
74 46
18 49
54 50
76 70
69 37
1 58
75 31
52 26
14 8
55 77
8 76
57 4
38 56
55 41
48 8
2 37
73 1
57 76
31 15
18 52
48 35
24 17
48 78
50 7
63 42
36 15
44 24
63 59
3 36
76 77
55 48
16 26
19 55
6 68
42 63
41 50
90 79
5 45
5 81
7 74
7 41
7 34
7 14
7 10
7 22
7 40
7 78
7 51
7 28
7 50
7 35
7 19
7 18
7 43
7 20
12 69
15 77
15 3
15 2
15 76
15 57
15 53
15 88
15 31
15 58
15 32
17 84
23 46
25 60
25 1
25 27
25 65
25 71
25 24
25 75
25 82
25 67
27 83
29 11
29 17
33 87
34 59
34 73
34 86
34 79
42 38
42 36
47 12
52 25
52 7
52 72
52 68
59 37
60 47
68 15
68 33
68 5
68 49
68 8
68 16
68 30
68 6
69 62
72 54
72 48
72 21
72 13
72 85
72 64
72 89
73 9
74 90
74 26
74 23
74 29
74 55
74 66
74 44
74 61
74 56
74 80
83 39
85 63
87 42
90 4
90 70
65 78
36 35
72 34
22 30
30 10
5 13
27 86
53 3
43 63
78 73
72 14
52 56
19 10
89 1
45 44
30 4
34 75
58 88
9 42
15 61
7 35
25 69
15 12
64 79
25 74
59 72
38 2
55 86
34 40
7 21
74 23
79 46
16 9
61 69
65 12
6 64
3 20
42 64
47 85
15 43
78 89
37 73
90 5
33 42
60 52
63 55
52 58
41 2
82 70
17 74
76 58
6 34
57 67
89 83
89 34
10 87
70 57
15 81
63 65
33 75
59 88
59 78
26 72
79 19
85 46
39 82
54 68
11 68
30 60
90 5
17 67
68 84
46 42
75 15
44 84
90 61
64 39
41 27
37 6
89 56
2 88
2 7
2 51
7 60
12 2
17 59
24 64
24 8
26 63
30 4
31 80
31 40
31 84
31 23
31 38
31 20
31 86
31 65
31 50
32 47
32 73
33 29
35 32
35 36
35 18
37 41
40 89
41 43
45 75
45 17
45 48
45 54
47 77
48 33
54 70
54 6
56 62
56 72
56 35
56 24
56 76
56 34
56 19
56 81
56 42
56 13
56 61
56 28
56 58
56 67
56 57
56 39
56 79
59 53
59 3
62 78
62 31
62 15
62 10
62 27
62 9
62 52
62 74
62 55
62 1
62 22
62 87
62 49
62 46
64 14
64 5
66 21
72 30
72 37
73 11
78 45
78 12
78 85
78 26
78 25
78 71
78 66
78 83
78 16
78 69
80 68
82 44
89 82
62 53
52 13
15 46
3 22
4 58
71 50
25 11
10 49
42 43
62 77
78 72
34 84
54 10
85 1
4 51
59 16
77 61
39 84
72 8
57 47
50 59
66 30
82 28
3 17
48 65
26 15
20 33
21 68
81 39
40 39
24 88
12 27
6 13
3 47
19 89
57 70
75 55
20 89
6 60
44 75
24 56
47 48
35 51
68 12
25 4
37 17
7 8
49 2
62 66
58 38
74 72
22 61
3 5
74 53
65 37
76 52
72 96
2 8
3 13
4 36
6 26
6 19
6 2
6 65
6 50
6 60
9 52
10 44
10 67
17 10
17 59
17 6
17 72
17 41
17 9
17 68
17 70
17 22
17 69
17 1
17 29
17 64
17 66
19 53
21 40
24 71
24 3
25 4
28 21
32 7
34 56
37 31
38 42
39 62
39 48
42 18
45 43
45 37
45 49
45 35
47 23
47 20
47 11
48 30
52 25
53 15
56 16
57 38
57 39
57 5
57 28
57 14
57 61
59 57
59 45
59 24
59 51
59 32
59 54
59 55
59 12
59 27
59 63
59 33
61 58
62 34
62 46
72 47
15 52
10 45
35 72
64 12
42 1
5 67
64 2
55 8
55 13
15 42
54 40
40 60
8 50
33 18
15 52
15 9
42 38
5 4
53 55
69 12
25 34
68 63
51 37
57 20
57 44
70 14
67 21
58 15
30 5
53 39
46 3
6 5
5 27
50 13
47 14
30 27
41 55
71 31
65 17
63 2
7 24
35 7
28 54
26 45
57 39
33 37
52 38
5 55
47 9
49 33
2 11
41 58
26 32
53 44
33 14
2 57
23 43
29 40
25 33
34 23
34 17
52 19
32 71
62 62
40 10
17 64
20 55
7 25
44 22
55 70
11 37
34 58
19 27
22 39
43 40
56 5
24 36
48 1
34 13
47 34
17 20
28 33
55 66
56 15
24 71
6 60
47 4
47 68
19 50
60 52
66 34
37 46
52 22
59 25
43 63
17 61
